2.39041293115
4.06225853668
2.89754660384
2.39581709971
2.30479257178
3.29461249284
2.90357287105
2.64612830237
3.27441183903
2.82276381322
2.17456056413
2.10208369971
3.17692715081
3.51361048426
2.97759647058
2.62381469825
2.41833285754
2.53676217481
2.22717879654
2.09624178635
3.32229894719
1.804198429
2.20765461835
2.2157336967
3.11274762672
3.52318071099
2.82672997976
2.18858144942
2.78786045356
1.60233751624
2.10993982048
1.60233751624
2.35510144486
3.06412152954
2.8281848994
2.95034962707
1.93838025878
2.85824329245
3.27109027107
2.86950619245
3.22851386592
3.23219172806
2.8307143398
2.44634970949
2.66737424689
4.25913428158
1.53598259651
3.26709864806
2.84683710365
1.95662531977
3.33648030651
2.32677727137
2.25203919658
2.66407162328
2.74521037895
2.24717522602
2.8032001717
2.93227092367
2.67068947597
1.70956960045
2.3242975186
2.67383384566
2.07329180937
2.52726958867
2.60359595807
2.60822022257
2.54967023917
2.6591411145
2.68799392188
2.16993945117
1.88313749568
1.98084451367
1.9658848275
2.64620687137
2.37914642762
2.1823204838
2.19015414701
2.75980885644
2.28867765459
2.38602761978
3.25467033098
2.23379070873
2.61286923793
2.95731716385
4.82472667074
3.37671688392
2.67103010073
3.34372015093
2.39041293115
3.19800313369
2.33049858357
1.93838025878
3.20719463707
2.17456056413
2.21411154673
3.26778135672
2.02041322437
3.05501429892
2.76349713783
2.16229475358
2.74883706048
2.80086921927
2.52726958867
2.28161469097
3.85998957177
3.31181283636
3.38423718167
3.45550612475
3.05760323963
1.65268185741
2.14010541622
3.48418513159
2.59865043431
3.1366148671
2.7719965522
2.85824329245
2.64640552423
2.15249617092
3.08660283329
2.75247894826
2.67103010073
3.19800313369
2.90215700063
2.76571186131
2.73263493128
2.76720114756
2.32863584616
1.59040121125
3.93078741162
2.25906688927
2.28867765459
2.35702443266
2.6222425911
2.60822022257
2.15622970049
1.54883601194
3.03205466356
3.00249912318
2.71848245584
3.82747174062
2.95963031825
2.16687305017
2.75065609562
2.27835234772
3.37298101165
2.89493012348
2.17456056413
1.74317900446
2.77278694792
3.81543678235
2.50399735734
2.10404051695
2.46585892888
2.71498007624
3.5501856518
2.75065609562
2.21298036501
1.9724985717
2.81684831501
2.32492284107
2.87159666028
2.23047814415
2.43314097517
2.62381469825
2.19172984923
3.37671688392
3.08496023474
2.69767693504
2.92353847093
2.32677727137
2.70975284503
3.10557432927
2.59352835051
2.86119427291
2.09430392109
2.26077972294
2.86174212221
3.76716942291
2.97599721636
2.8307143398
4.25913428158
2.90792670956
2.1821717598
2.75797057223
3.11274762672
3.16616417198
2.76258691797
2.79761214207
2.63809319453
4.32963203151
3.13625000074
2.86534029015
2.79549644968
2.75430563445
2.83672536007
2.71323416819
2.86950619245
3.20722182415
3.09858167921
2.62209327425
2.17786491907
2.95270925403
2.53676217481
2.72376264817
2.61754327054
3.20198056279
2.45496438601
2.65098528966
1.71720419477
3.55937715518
2.27810563298
2.46304937958
2.98073068292
3.65707429025
2.21249257599
2.2993861042
2.97006038133
2.625389656
2.39241921808
3.19496078745
4.18011719901
2.63969428063
2.61131679969
2.25203919658
2.61420629255
2.15925664025
3.01800338895
2.27461136026
3.47575216279
2.60205999133
2.24213062692
2.693725091
2.57488899609
2.67068947597
3.90008541179
2.42519334234
3.00235642148
2.27635665606
1.78001388537
3.05243305196
2.30298650238
2.27810563298
3.92788263083
2.1838812735
2.2460088514
2.91670041005
2.92353847093
2.84783248088
2.22061934406
2.08468441227
2.73442031518
2.61910688746
3.19496078745
3.22587468957
2.84075594255
1.90720941568
2.66078150963
3.36186884776
2.11588288035
1.92263982846
2.28161469097
4.53680154872
2.84075594255
2.80126782615
2.13194976642
1.71024378756
1.71024378756
1.99914023618
2.41481260939
2.70111009747
2.33987535333
3.019556765
3.4077012347
3.08496023474
1.8379973221
5.40318392905
2.97599721636
3.01800338895
1.79159310198
2.46366864983
3.27102076787
2.00642474135
2.78029100293
3.74973895912
3.32229894719
1.63618816223
3.35453893959
2.60639245366
2.67903333421
3.12496946604
2.69425728903
2.69660531979
2.51322895336
2.74340270096
1.8291866692
3.02204199979
2.81881567477
2.92112071966
2.31754620597
2.47246434694
2.02750108987
2.13194976642
2.34935897975
1.85411847445
1.57079736339
1.91952931687
2.92779365105
2.67568616643
3.18644670163
1.95282162307
2.98310712479
3.50998670089
3.45550612475
2.98310712479
3.68866282462
3.8493852395
2.50399735734
2.09624178635
2.33049858357
3.31878949205
2.01314442584
2.2993861042
3.2481882937
2.76165103945
2.76571186131
2.94129530577
2.76534716827
2.98310712479
4.07772368376
2.35702443266
3.87315026239
2.625389656
2.65750381154
2.75980885644
2.8032001717
2.60976713119
2.15171006751
2.25439640734
2.61420629255
2.04732525782
2.06020278353
2.76720114756
3.44281593387
2.83873831338
2.72023895586
2.834717061
2.1653441209
2.95034962707
2.17456056413
3.49871196637
2.33236550187
2.72376264817
2.80707780744
2.8509149936
2.96210381563
3.40024341027
3.42109038506
3.12496946604
3.36241856663
1.81874720384
3.60051334662
2.68915293175
2.15171006751
2.08203502103
2.19401838604
2.58590318591
3.7221063402
4.16786075929
3.33648030651
2.4004929471
3.20957227827
1.72637861767
3.30489177214
2.03106889566
2.17301731105
2.62696747472
4.18011719901
2.29045282967
2.36865651419
2.36476108326
3.27441183903
2.91603080765
1.92025893109
1.92819366525
2.38841145669
3.12777589485
2.79761214207
2.78470756154
3.04926363629
2.23047814415
2.99508785217
2.17301731105
2.60976713119
2.87579275039
3.37671688392
2.19806292905
2.24549027435
2.20444498923
2.62696747472
2.78029100293
2.82276381322
2.98073068292
3.04218409572
2.35126873825
2.23878456424
3.45550612475
3.28445344178
3.13625000074
1.7702288519
2.21411154673
2.73442031518
1.97624649963
2.88000920995
2.67401740711
2.16086396848
2.13805872946
1.4431187686
3.4387853514
3.28109332554
2.93492568305
2.11172871476
2.1838812735
3.15926032555
2.31388229227
2.45930520546
1.4431187686
4.76349713783
2.65750381154
1.6280813155
2.06205954158
2.34745359154
3.2481882937
2.93002940252
3.48843251885
4.48186614042
2.32307253722
2.75980885644
2.4106961625
2.20405743647
2.7308532097
2.24213062692
3.37777445728
2.17765576922
3.00707057719
3.35089705181
2.47467777945
2.11389696019
2.35475912835
2.69255250151
1.72161606101
2.46366864983
2.42519334234
2.91011184018
2.70543558961
1.96913734158
3.11383355756
2.69425728903
1.99914023618
2.21074038976
2.90574706233
3.53645385822
2.28337480268
1.63455943853
2.36865651419
2.74713288976
3.48843251885
2.30159979481
1.91643111106
2.75020120941
2.15041774413
4.28006514894
2.78029100293
2.79933976995
1.71556837235
1.99952204879
2.65586958911
2.78217719034
3.46966804056
2.35743325567
1.51920583785
2.16993945117
2.35895187015
2.15321385475
2.26249610523
2.72552986946
2.96894503447
2.37061107855
2.76349713783
2.09866602087
1.95606715766
2.69425728903
2.76349713783
2.83271339468
2.44200006201
1.99952204879
3.56866696527
2.0491522024
1.91643111106
2.56675520447
4.20891284041
2.72895297996
2.20444498923
2.75247894826
2.17765576922
1.77012058626
4.85305133943
3.34590094309
2.37914642762
2.8307143398
4.56598883042
2.42310685405
2.76165103945
2.61286923793
2.37847548771
2.22427416678
2.7362093765
2.80413885759
2.08659907636
3.14635158679
2.86326480777
3.01460752675
2.91977635586
3.17692715081
2.28891048026
4.26993457098
2.75613617036
2.93451824436
2.99467781658
3.03205466356
2.18858144942
2.61945607018
2.91230168258
3.1967712096
1.95342688486
2.84480531568
2.46585892888
2.6333075683
2.62381469825
2.72023895586
3.16616417198
2.88850403525
2.71363113742
4.83565177324
2.49941937763
2.8866459659
2.25225075639
2.18290994424
1.92889814126
2.47223762895
2.59608549753
2.47223762895
3.22314099619
2.65423843565
2.65440041691
2.61442445583
2.98073068292
1.88313749568
4.21739229475
2.24045590418
2.25439640734
2.65261033965
2.72199901515
2.77278694792
2.67401740711
2.29223180998
2.83873831338
2.69731961289
3.37671688392
2.36821731987
3.18589716819
3.31940664854
3.13909317501
3.85998957177
2.74340270096
1.95444271692
2.69767693504
2.29307194271
2.60639245366
2.99267844989
2.84683710365
2.67383384566
2.92333933891
3.00235642148
2.66078150963
2.91449866245
2.64936327432
2.63809319453
2.84246814416
1.94797829263
3.00968632965
2.36282017505
2.65261033965
1.87615774854
2.35702443266
1.52058851114
2.63540449504
2.71115556551
2.23803788366
2.81292691348
2.65440041691
2.85296114052
3.7221063402
2.31388229227
2.66078150963
3.55831446195
2.24717522602
2.77653087167
3.10831868847
2.25394953755
2.89924074754
2.22427416678
1.74697518586
2.95270925403
2.74883706048
3.96320629
2.22553404707
3.00235642148
1.74631100666
2.10013165366
2.24045590418
2.37847548771
2.6908546468
1.54822744229
1.54822744229
2.16381802543
2.37914642762
2.95041443377
2.79549644968
2.60822022257
2.48359045215
2.51091151456
1.9576949584
2.24380874582
2.44634970949
2.4045592846
2.31938423741
3.15620049055
1.73566923336
3.02703390412
1.67030399445
2.06284263517
3.28445344178
1.9691847637
2.87789842164
3.986297173
3.55937715518
2.84277826934
2.2092641238
2.43903643152
2.3417634542
2.14215732817
2.94356612788
3.12777589485
3.73265141203
2.6115936187
2.33236550187
3.79096786951
2.31023446169
2.17301731105
2.22389256356
2.73799411224
2.35743325567
1.67815233768
2.27810563298
4.05708112317
2.25394953755
2.72895297996
3.08496023474
2.31388229227
2.35318288669
2.19489031236
2.20245230789
1.90873883457
3.02453436581
2.23878456424
3.39451770573
3.20411998266
3.17990687573
2.80413885759
3.03205466356
3.11383355756
2.36476108326
3.05760323963
1.7246584792
2.56590087239
2.91011184018
2.91011184018
2.21735903806
2.64191581844
2.092370739
2.65714937606
2.72552986946
2.23213276787
2.35702443266
1.91180667521
2.31205637521
3.7465983332
2.94129530577
2.64129832349
2.28690626888
2.18076264373
2.17456056413
2.91670041005
2.64290533406
2.66737424689
2.54395268371
2.17147694355
2.48152931782
2.19647509583
2.63969428063
2.29759174239
2.18076264373
1.874298746
3.5410903963
2.96085360587
3.20198056279
2.96427519009
3.18589716819
2.06953011897
2.77465689259
2.20850659842
2.46585892888
2.38045323492
2.21747899979
2.3608837775
3.39947597541
2.69939182002
2.61598246336
2.01689289524
3.73830999207
3.21960326187
2.64612830237
2.45064596252
1.74317900446
2.76165103945
2.83271339468
2.37847548771
2.80902313628
2.17456056413
3.01214344293
3.77898714214
3.04926363629
2.68576661571
2.0029658717
2.67383384566
2.1017062937
2.21735903806
2.21074038976
3.01214344293
3.46740028148
2.94356612788
2.81292691348
2.51788311846
2.37453401021
2.75065609562
2.22553404707
2.27635665606
2.51091151456
2.30298650238
2.81402410535
4.04084534273
2.36282017505
1.99952204879
2.35209370667
2.69425728903
1.70807746577
2.83873831338
2.89278280728
2.66242500864
2.21087677235
2.8307143398
2.6038038649
1.97882432579
3.019556765
2.39241921808
2.91670041005
2.76534716827
1.90268561843
2.23213276787
2.62696747472
3.22902746604
3.1733052271
3.11746803631
3.1448075967
2.36550842721
2.82672997976
2.19965382347
2.88304326906
2.80126782615
2.69085105344
2.81488540126
2.60205999133
2.57085704233
2.86326480777
2.69767693504
2.98073068292
2.69660531979
3.6833176449
2.88850403525
3.1305914207
2.22061934406
2.96427519009
1.90035158791
3.8279346809
2.25394953755
3.93336388664
2.59097894683
3.61174632098
3.22587468957
2.74340270096
1.84691132645
2.66951902382
3.34006212174
3.34006212174
3.08392613175
2.21411154673
2.75153829502
2.01513857348
2.36550842721
2.3417634542
2.72376264817
2.25735758992
2.37061107855
2.74159877723
3.09739289706
2.72552986946
2.25225075639
1.83775900476
3.12698782479
2.76723536686
2.4045592846
5.9606353337
2.3084165346
2.81488540126
3.24175427196
2.20151112685
1.87058802506
2.27286973049
3.3258226395
2.8509149936
3.11107174613
2.89389750279
2.13398092977
2.87789842164
3.67272496528
1.55027888415
2.32863584616
2.12387611012
2.72730069365
1.71858605633
2.16993945117
2.2157336967
2.37257023683
3.09739289706
3.62161675633
2.73442031518
2.78151188692
2.15622970049
2.24213062692
3.25034900131
2.73800213042
1.87576491949
2.61286923793
2.34678876155
3.3814145471
3.79702077877
2.79167006039
3.15055986252
2.78470756154
1.874298746
2.00572259844
2.33049858357
2.22553404707
3.5410903963
3.91387282769
2.82871987517
2.75613617036
1.91334511926
2.32590649577
2.2222543334
3.68793728075
2.99750395655
2.71848245584
2.28161469097
2.88637252752
1.68028477325
3.38046889392
2.2659395732
2.45095546093
2.52021991503
2.8509149936
2.19742926101
2.62473875612
3.94306942336
3.28445344178
3.28445344178
2.88000920995
2.63809319453
3.03205466356
2.17920774245
4.97128940557
3.45912794311
2.68407839562
2.51788311846
2.63649505431
2.16381802543
2.25394953755
1.66888917546
2.47246434694
2.68576661571
2.78217719034
2.19172984923
1.92642814401
2.90357287105
1.89885082324
2.24717522602
2.931112986
2.65714937606
1.57228615883
2.85699821402
2.06020278353
1.96703794121
3.28010749664
2.87159666028
2.27985830619
2.77092102032
1.68161715222
2.2157336967
3.173957613
2.41570381991
4.04084534273
3.03762992616
3.47575216279
1.96077360608
2.52021991503
4.12101423038
3.48418513159
2.77092102032
2.5512052571
3.01707862077
2.60639245366
2.89708276142
2.2851386568
2.72023895586
1.92819366525
2.93451824436
3.89327291441
1.7125629173
3.31878949205
2.00642474135
2.57834648277
2.1638348875
1.75269389755
1.75269389755
3.10805315755
1.94476590274
2.09674233642
4.31243867112
2.35895187015
3.00249912318
3.05804878346
2.65166038427
2.65440041691
2.31566212271
2.89278280728
2.4146490537
2.16381802543
2.60205999133
1.8379973221
2.12187971121
2.50629575084
2.57584258728
2.69660531979
2.06759704708
2.82276381322
2.19489031236
3.0472934573
2.19647509583
3.43477338601
2.68745812348
2.80707780744
2.58843724049
1.67456488329
2.625389656
1.81529910742
2.0145863286
2.55987894115
2.96085360587
2.84287292736
2.60359595807
2.18701174534
2.9619496493
2.93677139469
1.69919349916
2.65261033965
4.75649728932
2.29803817772
2.22427416678
3.44851176572
2.66737424689
2.65750381154
3.83425171939
1.81186665061
2.2984087085
1.5459591718
3.51361048426
1.88759476831
1.98084451367
3.4307798665
2.5512052571
2.15472039581
3.22902746604
2.72596061419
3.04473501962
2.15472039581
3.52318071099
2.4065999038
2.68239345045
2.42102556181
3.52762363098
1.78992798239
2.73195596832
2.64290533406
2.75797057223
3.21028021389
3.06019992008
3.48418513159
2.8509149936
2.25394953755
3.4149869048
2.64451532333
2.99267844989
1.91632198806
2.86534029015
2.4925989262
2.47689707554
2.91230248185
3.1305914207
2.70628541941
2.55607530956
2.16296957619
2.24500834719
4.24807662152
2.35702443266
2.72000745574
2.79549644968
2.14627693051
2.93451824436
2.75065609562
2.97599721636
2.86525542609
2.14871071547
2.28867765459
2.23572764256
2.8509149936
2.25676047889
2.85296114052
2.85501211895
2.63809319453
2.65586958911
2.7859618977
2.32122634193
4.59812502944
2.68745812348
4.14247655917
3.23870635237
2.91449866245
2.7308532097
2.02928298916
2.77092102032
2.42728505218
2.91449866245
2.20284484195
2.88424623769
1.64274028416
2.74521037895
2.62473875612
