2.0280717454078045
2.2001734702380475
2.0999105212306843
1.6916782994382684
2.441904803040413
2.517323674339657
1.463507851241507
1.7626958915594764
2.934518244360995
1.7281646067232674
1.164083097258891
1.6600668590705314
1.339871690130927
2.0123644645013856
1.778645305150194
1.8784612971599357
2.0603650173089183
1.31541296999605
1.3319716367122405
2.0038450216122925
1.5164939349132804
1.3426695735540455
1.9367919280800796
2.6840783956221235
2.622242591095109
2.036833377335409
2.387016840562518
1.8625136553016444
2.743402700956842
3.937237330200729
2.1632871769463766
2.1353474048084733
2.210866922147303
2.1120466922130543
1.880611781717274
2.377484904422249
2.056759221721154
3.2196032618683526
2.114669509396148
1.6391515715732115
1.5144925183873916
1.6276691988482643
2.4150186294448948
2.0964739629839446
1.1783165287383086
1.9091042539278538
1.5795837929534926
1.5729966155537516
1.7426321765605226
2.0939054378087048
2.2337907087254387
1.922602434660292
2.24783373353533
1.5919319659627933
1.6757131363312647
2.3622151987591677
1.62089185284828
2.0675970470803438
1.9801865798392884
4.950420507441878
3.170998192880191
1.9607736060809642
1.9741607123128058
1.7758073114274822
1.7159457357432857
1.5891989947953764
3.6216167563319166
2.16979349174182
2.507634135216237
1.1587565845516623
2.0100326806478055
2.0038450216122925
1.2493303442751966
2.164213671928949
1.9633117976964918
1.791593101983125
2.00869443098272
1.1776087132032211
2.358729218305572
1.4295135919446142
2.450645962518375
1.8145061938839624
1.602712962695341
1.6625166129882938
3.207194637065783
2.341506136553125
2.182954182364463
2.1531604288499198
2.3324582530330327
2.6544004169087736
2.064487421648021
2.660781509634134
2.285138656801747
2.177289451652681
3.622527944167342
1.6180103033516082
2.194890312356075
1.5817920801654628
1.58845509882637
1.5331581872368287
1.750712169357727
3.5827906742436464
1.524554167788357
1.374691965186219
2.4805308765681215
1.3321421832527611
2.410696162498191
3.078597348383933
1.9113383176113923
2.8273862467059088
1.8075966877809682
2.044875925201257
2.4845428419633184
1.7831972693819749
2.206963144952259
2.0092568083641424
1.7988001566713503
2.5758425872792294
2.20501781611267
2.587732452817333
3.3014518113528695
2.4994139890338047
2.7074430339529503
2.1586694682298484
1.8075966877809682
2.110302537081194
1.505149468968312
1.951469979502203
1.9386410516482946
1.1734535033204234
3.0792949431700576
2.221693666972424
2.1778649190729626
2.1504189569355567
1.4527257432277132
2.199632619796922
3.1919290602365207
1.8164913831958167
1.905682982963604
1.4535596969066489
1.6447276756745635
3.803415649829095
2.6738338456567368
3.5640096406315074
2.30042782153603
1.3717149716909343
2.0408453427306057
2.299344117136178
2.135942139087718
2.3495010947043595
2.5793405889238437
1.3657991009883008
1.6087957326372784
1.7027919750795943
1.3337190381460835
2.4312544098892537
2.0677994903468204
1.660882590950668
1.6156963819011143
1.5848758547312807
1.9065668216336458
2.1801171990133947
2.136839905538502
2.3290894486918847
1.9538245275026846
3.2612011058308896
1.9068763660123063
2.008481628514559
1.8713746619561544
1.7036534174308882
1.7081433354807758
2.0241182157610016
3.4268046240242684
1.6674392667531945
1.7525440571437958
1.5711447133547987
1.6493633030447783
2.0921972977030254
1.6855734590252456
2.6823013718854916
1.0427613331694718
2.3235036483235443
2.0233296646729726
2.026488173476359
2.536762174813165
2.133875916630372
1.7443337531565533
1.4059638688940106
2.33021093233872
1.4059638688940106
1.4531219367448105
3.250349001311579
1.9013334514205122
1.698498863659943
1.9282940163497055
2.6020599913279625
1.9046546211903865
1.5282478281230416
2.2012477905767893
1.7968584960789724
1.5961072386571373
2.555744191445767
2.905747062331009
2.0400414657978843
1.9949353835142651
2.042171380288132
3.2612011058308896
2.5683753067763884
2.010809246603696
2.2376865507971955
1.6685919937654066
2.20501781611267
2.270583792603958
2.086245122920959
2.1867512986359072
2.187703177047673
2.7897631683756354
2.2118456140410525
2.4672899347332247
1.7335176302618414
2.496691137387705
1.9102205117462692
2.127252280415712
2.628548164804321
1.4419724801278015
0.8723860317721432
0.8723860317721432
1.2356607805073017
3.4033278174817805
1.3566165747409409
1.9625986532378232
2.5090117547973416
1.58845509882637
1.6242146801193955
1.8892717231976286
2.7550859182545504
2.007433943119101
1.750712169357727
2.4439533051435016
2.628548164804321
2.2950227700943238
1.3997510142127993
3.956598930919444
2.5456189764622414
1.3140461226931313
2.083706624385991
1.7010719162685997
2.3628201750527555
2.7959004216199523
2.2108767723549323
2.23869595121737
1.6463282016643181
1.4912526757481266
1.6690870592373523
2.396446320345658
1.6146175771677256
3.6879372807540447
2.3179535402140004
2.4401241043915474
3.2899534372001753
1.9068763660123063
1.6685919937654066
2.19056508726057
1.831539780411279
2.412833228789289
2.044804394454065
1.4840880321013599
2.218727509404168
2.283248740639674
1.7389071872371928
3.847025316714493
1.514210353986214
1.4329992233169457
2.218727509404168
1.2493303442751966
2.20501781611267
1.7626958915594764
2.021754706918145
1.314748723813785
2.093050947859016
1.6600668590705314
3.1739576129962863
1.7534615931429243
2.4150186294448948
1.9708399268122279
2.824025928112142
3.2579295804423714
2.4948662516057323
2.2864440439261027
2.699391820024907
1.6391515715732115
1.8505063754009397
1.5623616740886779
3.1739576129962863
1.602712962695341
1.7862632301527854
2.1791735933108076
1.6011997036421757
2.593358298502354
2.6128692379316587
2.2001734702380475
2.017829761406185
1.581055282016647
1.8264920777076408
2.3066025769256466
2.7380021304156803
1.9924585724655937
1.2099053506155666
2.674017407105456
2.0694602728103595
2.5883571643252443
2.2982617631471434
2.5909789468287086
2.0376342892997688
2.3506492627020923
2.0376342892997688
1.755078904890716
1.5891989947953764
2.1476861105370126
2.166999101244319
2.1440556393631782
1.8448149253774282
3.1534503442651807
2.271632180134745
2.5793405889238437
2.042171380288132
1.253180544061812
3.608515346502029
1.5208792086494691
1.7526147002054593
2.094760769206042
2.222254333401455
1.5385032422390967
2.53200247015417
2.5441821043995674
1.3362522956033056
2.9144986624515847
1.7166895093759438
2.221693666972424
2.046493409772603
2.5243115556642692
2.6020599913279625
2.209889331764078
2.1531604288499198
2.4174967736759916
2.3704039769148535
2.3069585963915644
2.241731209858109
1.8115376428325913
2.008481628514559
2.8512885870719806
2.1513318198296774
2.1801171990133947
2.4002964301521565
1.9386410516482946
1.7413005036281137
4.24885500227592
2.2674462011230574
2.0209682976622463
2.8324401852102423
2.003074654409858
1.4886187500474306
3.6678501989555676
3.156200490551715
2.144961835547416
2.450373060633866
2.587732452817333
2.083706624385991
3.5013007388635273
2.8292557930708107
1.6476195211013813
1.8154981710656244
1.6866014757509922
2.2044449892285503
1.4275481069068203
2.353182886692393
2.807077807440632
2.2092641238004225
2.7255298694585686
2.3246179383593764
2.0201825997671468
1.4895692851190903
2.3589518701460137
2.09905010613922
1.7654872945885585
1.7910617737537764
2.193436458350879
1.5508123694457439
1.781493475476142
2.035233765531916
2.0424553320030654
2.093050947859016
2.418584467168506
2.0069333411815897
1.5722681695328813
2.0036641584635646
2.0587215183061716
2.0587215183061716
2.154076179028373
2.2950227700943238
1.8980259224169427
1.8174858332099677
2.095616943709871
1.7425207560092386
2.537033183682971
2.1111741768571077
1.812525932676803
1.6585844296499617
2.0999105212306843
1.6649740669801742
1.6399457192812024
1.1702336719154713
2.189610069062318
1.9013334514205122
2.3564129796961684
2.3290894486918847
3.773058184208153
2.039546837265143
1.7175663034344395
2.339235314439297
1.831539780411279
1.677378452270374
2.222539310386088
2.5808368665786308
1.585486657346557
2.539152179504149
2.0376342892997688
1.599689396243688
2.10336073019149
2.038435940453865
1.7701615787915743
2.8611942729087043
2.5958694864781178
2.5883571643252443
1.5759173043653554
2.16606963195947
2.609767131192182
1.3934203821381121
1.3293592044895328
1.7949215599322783
1.507261786142854
1.5254758229226044
2.582335726249633
3.1680488217481795
3.284182334610124
3.5759286483142416
2.3858196123043176
2.6191068874591528
1.8489442919791779
2.1181789645292493
1.3799326436119532
2.19056508726057
2.7561361703563354
1.5055290626150621
1.6592519777174053
2.2843125361967833
1.3791815491092922
1.8095647301935813
2.1287932183711216
2.228654348467268
1.6925276380068008
1.9625986532378232
1.5135847142853842
2.48857342443397
1.6942290759400407
3.235243855028969
1.7398090318472046
2.0424553320030654
1.598182029745361
2.934518244360995
1.8925433967307828
2.343782911025304
2.1440556393631782
2.8090231362802216
2.003074654409858
2.3610516500737075
2.234160378745744
2.0702508691553785
3.626594357139306
2.0170468961311903
2.0434868251767835
1.212795475651205
1.6690870592373523
1.3920617641174724
2.6673742468925914
3.4555061247497427
2.0317235123309145
2.43885144634144
2.015483279212428
2.3882157213102113
2.2601689320471046
2.6051346457378206
1.626554152863062
2.3246179383593764
1.7193228236284148
1.179130947056292
1.7470610656267334
1.8046537058633063
2.238784564242569
3.0498594531491956
2.383430095078431
1.7434267349775596
1.5840067041398886
1.293017667457777
2.1243548389446083
1.7824451390673146
2.16979349174182
3.10283861373564
2.202107967616321
1.2586104019544837
1.5403834854265404
2.093050947859016
2.98787960363228
2.228654348467268
2.218727509404168
2.2141115467299737
1.781493475476142
2.776530871668599
2.4549643860073833
2.3138822922667486
2.0053878088097425
1.2819601303085526
1.843785903240712
1.946781337462087
2.6657213653970273
2.1531604288499198
2.4791976622406646
3.956598930919444
1.82548635289139
1.8499799695445078
2.093050947859016
2.064487421648021
2.104225428086504
2.087941586280185
1.493896281765531
2.047303282991003
1.730385636074201
2.0100326806478055
1.8095647301935813
1.8095647301935813
2.615927534400063
1.7053791377928194
1.162747042516197
2.1586694682298484
2.2907228159472055
2.116422464509405
2.2904528296682822
1.9762464996339806
1.6782124394422087
1.1708081173597384
2.0162986446568247
2.26640285089093
4.105807363858423
1.548836011941034
2.1059574106420516
2.0694602728103595
2.43885144634144
2.086245122920959
1.2310375905372628
2.873556895899387
1.805633492729668
4.861194272908704
2.7993397699485842
2.1016339125972694
2.0092568083641424
3.075945166281147
2.8563628423160097
2.382435683425089
2.071957415777494
1.6304689840999411
2.123469878130606
2.454247813366521
1.873110138514491
2.078651776188658
1.5847463261768704
2.738367284390144
2.5035143379410396
2.0607833773521196
1.8635670282668195
2.5986504343086687
1.293646423898302
3.6971884060834297
1.6320404498169019
1.650892151461411
1.845845272051554
1.4808198461054394
2.1092558475477134
2.1395387858988437
2.113794356713743
2.003074654409858
2.2498774732166
1.5575272958861033
2.110302537081194
1.2222823570062102
1.4594161390270664
2.3375595289608277
1.8795358199787793
2.7727869479245975
2.1531604288499198
1.734413339986386
1.5700869548638297
2.395443965219904
2.961949649303545
1.890580505399071
1.4947796460292735
2.646128302371727
1.4543946292385803
1.4527257432277132
2.527122525638022
1.9288981412594988
1.5870230034060386
2.146120101521158
2.054626324657912
1.6336150953862663
2.1016339125972694
2.0979207397130573
2.2768931832799657
3.536453858219014
2.1395387858988437
1.1021596433368406
3.3222989471851734
2.3601161439286615
1.373946517439397
1.868854740423954
2.5989961822824674
1.9875853837176984
3.4509336468270297
2.4401241043915474
2.1885814494236944
2.18200749130202
2.0808687928773963
2.41894944033132
2.577846884404728
2.5807261356194724
2.2615093593099598
2.194890312356075
2.0521784443233986
2.1714769435506267
3.2256284354033347
2.875792750391703
1.3276233324723814
2.16979349174182
3.2899534372001753
2.09905010613922
1.181037785567015
1.6383582325802777
1.96450555844027
2.0607833773521196
2.0803334591221203
2.1953559927537785
3.2636833553658526
2.8273862467059088
1.8291866691964593
2.750201209409949
2.1294555299480455
2.34036998339727
2.2982617631471434
2.054626324657912
2.600526735918692
2.018613332919683
2.1193042449004675
2.3449235401633595
2.7349696539358717
2.5586589222474063
1.9456134105615037
2.237116593815678
2.051364014855565
2.047303282991003
4.105807363858423
2.7429648912053266
2.4452334659703783
2.1632871769463766
2.9550101532929194
1.821476071183913
2.1545799798036813
3.0856216847624474
1.78722062520048
2.0209682976622463
1.6115002200091206
2.228654348467268
1.9717052881633028
2.0694602728103595
2.288580795222155
1.2562776312720687
2.875883378316718
2.1504189569355567
1.97775429118534
1.7036534174308882
3.1305914207036167
2.308416534599289
2.3529501619649573
2.2236767476598787
2.777797765650288
1.7910617737537764
2.6364950543081456
1.516311548754611
2.177289451652681
2.4413986298789347
2.4940831164788415
1.7140649667204406
2.087941586280185
2.2011401803698964
2.0769733428860766
1.7613792603607081
2.0036641584635646
1.8903608032357624
1.2326630033330248
2.280065148937072
2.257068670705206
2.0620116319514494
2.0489252983340855
2.0278398273554163
1.8007465637060451
2.2138063123088543
2.8582432924544228
2.2505554533091514
1.6249937223175177
2.517883118455508
2.1350452996029743
1.962119793352281
1.6903522297898523
1.1567712501909968
1.9011214921991486
2.582335726249633
2.2939457842603646
2.0100326806478055
2.475210253720939
1.5766492088629023
1.4862753680025111
1.5989353460518487
2.4249739127947953
3.9911722644512007
1.4145974468083322
1.4583631143101554
1.9999999999999998
2.2447771123264952
1.8892717231976286
2.259134281580742
1.674051353117867
2.241731209858109
2.194395695294099
1.887097977406293
2.1632871769463766
2.0595428790896526
1.780597947700647
2.310242490525518
2.2276565436891786
2.164213671928949
2.3472093019135447
1.9328763454886986
1.1495474612790277
2.1504189569355567
1.6560009242910556
2.472237628949934
2.0999105212306843
2.078651776188658
2.410696162498191
2.036033203198849
3.295763668018213
2.801267826153818
1.9456134105615037
1.5117725153530588
3.100111487590143
2.888504035254065
3.235243855028969
1.3327345417282885
2.0489252983340855
1.697111017612808
1.6170601422104858
2.0653142555646293
1.7071086521289534
3.0733010578045565
2.4299946722299945
2.925563639651507
3.2612011058308896
2.1377386008735186
1.6080327703317066
1.1654221207520092
2.1261274700982296
1.617238229614233
2.368056437745849
3.0733010578045565
3.08952912964773
2.652610339647392
2.0939054378087048
2.6823934504500824
2.168861028996542
3.2612011058308896
1.6289006862022493
2.154720395810771
3.2912129230808063
1.7470610656267334
1.4012990665944833
1.687445335694182
2.8652554260861
3.075945166281147
2.089521135467683
3.5593771551771454
2.1431503876253686
1.5208792086494691
2.1782310115972465
2.725960614190468
3.129367684381439
2.7916700603902806
1.9456134105615037
1.887097977406293
2.198243271746379
2.16979349174182
2.4042811154939523
2.3506492627020923
2.7598088564363294
1.7389071872371928
2.0693072225980336
1.5744555765737807
1.5711447133547987
1.477315395745255
1.5840196186297866
2.2779492186244044
2.4337793795854044
2.0092568083641424
1.374691965186219
2.051364014855565
2.119939023822083
2.32307253722112
2.1653441209005666
2.7140959111431378
1.8874203040456046
3.0245343658113435
2.2539794358051206
1.4724817225238613
1.4051842414441573
2.4299946722299945
3.2980254204646293
3.5143624731814427
4.551390352937218
2.9660582183252617
2.289651145282193
4.276372490405824
3.0023039501064988
2.2238925635582625
2.648929221215528
2.097331828696945
2.462049563098296
2.778408902592254
1.724615990047749
2.104225428086504
3.034575968561445
2.1068246987458683
2.076135340926423
1.6195567577442946
2.3894162591154435
2.1377386008735186
1.5899297328504725
2.3379915264684783
2.776530871668599
1.1078914587384279
3.0080817132146143
1.3786744466571577
1.7193228236284148
1.6072705582233842
1.6663565217897525
4.481866140418794
1.497451308268142
3.139093175010933
2.2615093593099598
3.136250000741345
1.1907430746276055
1.3461992866592214
1.7552998610485855
2.027279598555083
2.6891529317528438
3.438785351402643
1.3584747566158788
1.6903522297898523
2.1129200849098786
2.5793405889238437
2.0736261751069445
2.3047762109122805
2.033022197523435
2.348354442440398
2.1974292610087445
2.308416534599289
2.1059574106420516
1.3951273146699341
1.8455416884711517
1.7255417402812552
2.978360725200327
1.3958958099347667
2.2573575899235827
2.319060728335628
2.990178148472605
2.0595428790896526
1.3806845509384587
1.3469153381903345
1.1907430746276055
1.7859628360091246
2.630054758980377
1.7949215599322783
1.697643047895683
2.2167556834408657
3.2912129230808063
2.576355744186477
1.2334111062077528
2.444209827358815
2.0711242368514435
2.7184824558373677
2.0336370941929554
1.7958894388187046
1.7589892464739487
1.7166895093759438
2.32492284106702
3.173318317100932
2.038435940453865
2.094760769206042
2.3442728877676995
2.565988830420217
2.025723180698002
2.079492210665264
1.6146175771677256
3.1505598625168183
1.799772765502597
2.1287932183711216
1.5172227802030045
2.1586694682298484
2.5155528096635273
2.1848506655716085
3.9467057081052794
2.2601689320471046
2.2519993140127523
2.5989961822824674
2.242130626917891
1.4018315634252048
1.7389374686607324
2.2128254099304034
1.583267789967931
1.2840387676286245
1.6328273743652681
2.517883118455508
2.6723518476999812
2.6723518476999812
2.660781509634134
1.8626678171771358
1.0093314427980868
2.6542384356513606
2.7380021304156803
2.0828621041796396
2.3379915264684783
1.6889488381631603
1.2084653287391995
2.2138063123088543
1.543300180119085
1.364153878889971
1.1984780770619958
2.3449235401633595
4.06863681646847
1.6916782994382684
2.4426750282920326
1.5699243156896425
1.6815572911085925
2.907327419357841
2.4858842923671047
1.3300572040009446
1.8890862078071655
1.6908298786313742
2.2519260330430915
1.8763165535708066
2.0053878088097425
2.2266598838393707
1.6110891345966336
1.7463448994913902
3.4307798664952958
2.1412598502404885
1.4385041117394968
1.5027790442790976
1.4067443644755655
1.599689396243688
2.6412983234913665
2.2643199027373013
3.667476677624395
1.3352823811979002
2.078651776188658
2.880009209952367
2.5572003342240324
2.5808578516385126
1.2578318597168223
1.416970593206144
1.5869694521719413
2.321279347584809
2.1305749399472744
2.2236767476598787
1.6832869917845346
2.1059574106420516
1.6273355441592958
1.8819332133992064
1.7461509162067754
2.0322751737689084
2.7746568925947437
1.7123201174848173
1.3140461226931313
3.156200490551715
1.2735863515523858
1.925999685332077
2.1401054162207993
2.4274806647909895
2.382237797068556
1.8496300631686289
2.2684908061362834
2.299344117136178
2.208124769830082
2.3168477616256893
2.228654348467268
1.591434988741725
3.0498594531491956
2.8332895103960825
2.7380021304156803
1.2135201166219112
2.4137822036648573
1.7805429503500274
2.9014041084641407
1.4520784606234376
1.7202025538924324
2.53135611142217
1.154792465313605
2.2177410368804096
1.6866014757509922
1.4660597549274608
3.000206163089681
1.8572674466079477
2.652610339647392
3.130639410637322
2.5398856951590356
2.9926784498931895
3.2546703309753546
1.3719786088066308
1.773920935214707
1.4047441422726354
2.206963144952259
1.6690870592373523
2.4312544098892537
1.6004441816596444
1.6950811790748803
2.1341493851720155
2.10336073019149
2.0860590296072523
1.5701636129911454
1.6104640063875526
1.7900997460406707
1.4502297336695893
2.252952127626458
3.2201656037284576
1.3837003395393768
2.8307143397952306
1.1990203471604939
2.24783373353533
1.6415364470478437
2.1577488651083674
1.6993556123602716
1.1379122376883655
1.7413986136361055
3.007236147594317
1.9046546211903865
2.30042782153603
2.5708570423313586
2.460744395363903
1.3443018144568204
1.1391938456422563
1.9961766263157614
2.395443965219904
2.0291323335718716
2.5808578516385126
2.116420693981405
1.4577441862679439
1.789138880488824
1.8046537058633063
2.123469878130606
2.797415984081741
1.3791815491092922
3.678784465584039
1.9961766263157614
3.4356906529307754
1.5906889384593184
2.48857342443397
1.5825295823967391
1.1382167042271174
1.3843069535776662
1.4585840428010912
2.288580795222155
1.8838483374758648
1.4577441862679439
2.269397409154748
1.9158251042934293
2.1252407023195152
2.3179535402140004
1.9113383176113923
2.319060728335628
1.6149266050749027
2.382237797068556
2.638093194526811
2.3257336597251275
4.375406354095346
2.34036998339727
1.2237547916093579
1.338371667100016
1.4297642356247862
2.0069333411815897
1.3998967802738627
1.6431304283361767
1.741615813995797
2.136839905538502
2.094760769206042
2.0376342892997688
1.4799080997971787
1.2761975607431932
1.2761975607431932
2.371580130058422
1.4090910771596667
2.0369307128694984
2.3727578779864027
2.041649964338684
1.6479320189802726
2.6823934504500824
2.6206733242476457
2.177289451652681
2.299344117136178
2.436311710719654
1.6095594465240832
2.537033183682971
2.259134281580742
2.1632871769463766
1.2562776312720687
2.002411437262826
2.1801171990133947
2.297591742389489
1.766419950305436
1.5840067041398886
2.4274806647909895
2.7727869479245975
1.7776981799271696
1.526398649557181
3.002356421480119
1.8396829952479505
1.722847650262235
1.9912229931212702
1.8069958453401214
1.353393603047691
3.546820473919121
2.048113912040794
2.53200247015417
2.6115936186982625
2.7202389558572113
1.740711906688814
1.9538245275026846
1.214245604734541
2.3025992950765226
1.154792465313605
2.778408902592254
1.6560009242910556
2.2950227700943238
1.595019371350783
2.235727642563407
1.3821908102652922
2.0661799367145806
2.215771446549368
2.194395695294099
2.460744395363903
1.4974362591019523
2.8468371036544573
1.6463282016643181
2.1120466922130543
2.6406753808312415
2.1190585483652318
3.1193836656676197
2.1190585483652318
1.8614616640164485
1.7385055203321325
2.00869443098272
1.916950712603773
2.154076179028373
1.6850985889832586
3.414986904803228
2.9550101532929194
2.4137822036648573
1.4851217976268813
2.3930278608419684
1.7184440741649338
1.240941549776387
2.2560377044550206
1.4067443644755655
1.880611781717274
2.1513318198296774
2.0587215183061716
1.6383582325802777
2.173533385415511
2.387016840562518
1.463644345463375
2.191521156662335
2.0653142555646293
2.0440683110437643
1.7580652879949399
2.280065148937072
1.3222887888380965
1.6857585224315241
2.2207038218923003
2.177841204796908
2.2276565436891786
1.7036190234044695
2.0570811231749646
2.1440556393631782
2.39301503503646
2.1586694682298484
2.039238332163404
2.039238332163404
3.100111487590143
2.8591286620331684
2.1257413931516393
2.0828621041796396
3.0524330519618283
2.6159824633570476
2.9273172984618894
1.602226063646624
2.4325159772334826
1.3236723374893793
2.252250756394507
1.975329273353667
1.7272759551178716
1.9924585724655937
2.182171759795706
2.1350452996029743
1.8892717231976286
2.164213671928949
1.7795935611010634
2.8723259330655684
1.7326229353343998
2.1801171990133947
1.8154981710656244
2.0999105212306843
2.2939457842603646
1.9609295404401212
2.078651776188658
1.7140649667204406
1.7006069704004407
1.97775429118534
2.4212272975084863
2.818815674768828
3.004792857758755
2.1193042449004675
3.170998192880191
2.4832034601037667
1.383176586083709
1.9386410516482946
2.1243548389446083
2.105090987663669
1.7949215599322783
1.8017215540554392
4.180117199013395
1.595926470805442
2.4522575966209827
2.6238146982461075
2.4237232445242776
1.3989782707806204
1.9961766263157614
3.0782676664850976
2.5257159035268737
2.188656099758509
2.2276565436891786
2.3570244326597596
1.9397989438176086
1.9304705568729534
2.725960614190468
2.0053878088097425
2.795429314518704
2.0769733428860766
1.5817920801654628
2.2167556834408657
1.6152984981521477
3.2448377962774315
2.0603650173089183
2.797415984081741
2.4426750282920326
1.1748793175463736
3.4509336468270297
3.1814750692160056
1.7728524670298684
2.5708570423313586
2.2498774732166
1.5489050934002098
1.3434134114896008
1.6708341432774925
3.0089665143667808
2.1823204838022914
2.3179535402140004
2.081175523137472
1.203451496790202
2.129477200956557
2.4490853080424557
2.875792750391703
2.283248740639674
2.398467181583382
1.1456437185087078
1.5877119183802155
1.2099053506155666
2.7380021304156803
1.3974353410980924
1.5536826489944802
2.310234461694814
1.6080327703317066
1.679047315122375
2.1059574106420516
1.6616991750306527
2.0069333411815897
1.5254758229226044
1.8135154487258691
1.7158136899349952
1.2416995751923476
1.4143963379990532
1.4797338499660169
3.284453441778045
1.392826890445547
3.624385226656782
1.6832350838785648
2.2940146114876616
2.034435062980183
1.314748723813785
1.7516275833258306
1.1567712501909968
1.6748818040172058
1.6072705582233842
2.1111741768571077
2.6515723795575883
2.9412953057672597
1.028882830503834
2.27724292474851
2.148344672808439
1.162080125094885
2.2447771123264952
2.571897621668324
2.4002964301521565
2.0653142555646293
2.021754706918145
1.758852876835411
1.7882665362326347
1.7159457357432857
2.3324582530330327
2.2001734702380475
2.752478948263519
2.4272874363470733
1.533860612816641
1.01294155769173
1.293646423898302
2.075298146679627
2.4953329057367313
1.774137953441239
2.7916700603902806
1.6633349065063867
2.4266734114680495
2.7167295007241106
2.2711317517556147
1.612621845698668
1.7123201174848173
2.377484904422249
2.289651145282193
2.0628361113335325
2.1129200849098786
2.3193842374051834
1.6407406772545001
2.5833767378863945
3.0892878090422995
1.6857585224315241
1.0414844802115253
1.1741988822113463
2.905747062331009
2.1377386008735186
2.0686294846419946
2.6657213653970273
3.075945166281147
3.6077642343995318
1.6226589345317575
1.5795837929534926
1.851208484105347
1.588026857195054
2.0053878088097425
1.7526147002054593
2.2118456140410525
2.4805308765681215
1.76362526765426
3.0919811103128434
3.044735019619995
1.5489050934002098
1.4508903839851723
2.0979207397130573
2.8992407475355653
1.2881046002932144
1.8499799695445078
2.8409621954289
1.2186164154026926
1.8427237571507338
2.287511762516369
1.3979675138297856
3.222733315575608
2.1373542741061056
2.462049563098296
2.0023049698545696
2.043261447108542
1.3821908102652922
2.1252407023195152
2.0278398273554163
2.7653471682743387
1.39053402433372
2.3930278608419684
1.1435592147212545
3.014607526748243
1.1474058619098173
2.1562297004943245
3.0987409204303438
2.0038450216122925
3.2353675596229934
1.6832350838785648
1.6765453518254172
2.0077071398642197
1.3425262003118619
1.2230181399049713
2.0007676438535946
2.017829761406185
1.7500758016831164
1.6908298786313742
1.3912974759530823
1.9282940163497055
2.85296114051904
1.4594248904078673
2.9412953057672597
2.26640285089093
1.6375657007566249
3.5840457435450794
2.3313338658678555
1.498323978251531
1.975329273353667
1.7843518920409622
1.3577465795709605
2.800869219265009
1.8625136553016444
2.2207038218923003
2.2040467830726813
2.017829761406185
2.8109728317426423
3.601986791744719
1.1600837967282143
2.100771789485492
3.156200490551715
1.7389374686607324
1.8305276858188262
1.4249393716130572
2.173533385415511
1.5766492088629023
2.565988830420217
1.2987971610874676
2.5145441872836463
2.433140975171318
3.025570344196786
2.2601689320471046
1.4452638638455921
2.6657213653970273
2.017829761406185
2.359889657975583
1.9999117709297196
1.6511495786611412
4.180117199013395
2.4738851749531845
1.6240489767779624
1.530101725171604
2.1181789645292493
1.9248742539924344
1.7677320036725173
1.6993556123602716
1.2319157917844965
2.5758425872792294
1.1391938456422563
1.1907430746276055
2.18650170857078
1.3989782707806204
1.6187831455831971
1.9057647277466274
2.8341470735389933
2.0853981321529105
2.148596104296315
2.047303282991003
2.025697468857524
2.5959431423595225
2.589869068908558
2.0209682976622463
2.4299946722299945
2.081175523137472
1.766419950305436
2.1217026568418222
1.891451359799571
2.041649964338684
1.5650090538995434
3.3399898257590563
1.5800340587536712
1.68829010410321
1.3419185986315572
1.8393163349055595
2.7840674826299825
3.3437201509302152
3.097392897064693
2.26640285089093
2.3091464790692977
2.382237797068556
1.7526147002054593
3.35089705180823
3.04218409571951
1.7488845116843723
2.3844228551428244
2.48857342443397
2.044875925201257
1.5744555765737807
2.8949301234832956
2.9426027137057176
2.1457222622478596
2.3279694111881284
3.318789492052073
2.1716614257172218
2.5257159035268737
2.1440556393631782
2.3091464790692977
1.6682627292545835
1.6723930885284202
1.7988001566713503
1.5862276989200608
1.185871151216319
2.4051761562663545
1.5729966155537516
1.6336150953862663
2.0964739629839446
2.6813204114251703
1.3045524228361263
3.161167818451196
3.636635959889407
1.6198424518857248
2.2940146114876616
1.6782124394422087
2.0887910621071173
2.657149376060154
1.6798702596182884
1.9068763660123063
1.306304438211863
2.039238332163404
1.7401670463361807
2.1092558475477134
2.2779492186244044
2.1858004622368425
1.6455275280475723
1.6933778962133388
1.7027919750795943
2.013143118936146
1.6118551115696997
2.3257336597251275
2.0440683110437643
2.218727509404168
2.3235036483235443
2.2040467830726813
1.8483699071724184
1.6072705582233842
3.1918555894004386
2.274784956604655
1.7006069704004407
1.687445335694182
1.7175663034344395
1.477315395745255
2.571897621668324
1.0649481648232462
2.5343789509307926
1.8604110509480918
1.7702879523168051
2.7255298694585686
2.3047762109122805
2.1181789645292493
2.375118175536115
1.9680974290631317
1.2727893295987833
1.9180778939626626
1.8892717231976286
2.231225401751222
1.709710071925393
2.518716760386166
1.5172227802030045
2.2539794358051206
2.567462264130302
2.357433255667432
2.2539495375522898
2.063661374069065
2.401513794000774
2.031247576967069
2.5811968427478873
1.7158136899349952
1.6118551115696997
1.612621845698668
2.5159328190163546
2.1458689781508182
2.7954964496788417
2.321279347584809
1.6551902706529527
2.0554438202136045
3.1193836656676197
2.013143118936146
2.114669509396148
2.242745324350199
2.047303282991003
1.9774955368658387
1.6646610158929707
1.574095901322176
1.373946517439397
1.046610406623934
1.8947319271377032
1.504568802597777
1.634403614394843
2.447799461821233
1.6375657007566249
2.15591058090092
2.4778664911543573
1.8890862078071655
2.09905010613922
1.7335176302618414
1.7488301374709052
2.043261447108542
2.076135340926423
2.0769733428860766
3.1739576129962863
1.1606789672668718
1.3004579589074987
2.419982008458183
1.4930140002197054
2.888504035254065
1.3920617641174724
2.2397065260420206
1.0171855310811182
1.9349692035754225
1.4378796238788385
2.388411456694545
2.048113912040794
1.698498863659943
1.5722681695328813
2.1487107154747376
1.5403834854265404
1.3694905906102441
2.6159824633570476
2.036833377335409
1.5403834854265404
1.3694905906102441
1.7117542161005397
2.48857342443397
1.7326229353343998
1.4185039046450696
1.7425207560092386
1.7853069866438702
1.7029466266442053
4.057081123174965
2.028864615352231
2.0798292741249425
2.487227817714337
2.221693666972424
2.3819014597716794
2.054626324657912
2.0923114436586605
2.2040467830726813
1.4185571507409964
2.5542904857276834
2.5974683209143627
2.0369307128694984
1.939971809173641
1.240941549776387
2.24376062424816
2.50170524413541
1.8635670282668195
2.051424340226743
2.051364014855565
1.338371667100016
2.045684290977432
2.205989935927412
2.013143118936146
2.699391820024907
1.4452638638455921
2.140440279455436
3.271090271065014
2.2509011491910775
3.6780051576091095
2.527122525638022
1.7958894388187046
2.4051761562663545
2.507634135216237
2.4805308765681215
1.62110629761646
2.2246699884356995
1.766419950305436
2.491270907856061
2.1513318198296774
1.6584379452234004
2.6327253840390585
2.1568292366859794
3.4110831276081837
2.3347114033595413
2.202107967616321
2.2907228159472055
1.6840753283234038
4.041385933546481
3.4268046240242684
2.2177410368804096
1.6568124201658285
2.010809246603696
1.607902958075644
2.126557757347684
1.4992127921664535
1.1561109292378418
2.7062854194144665
2.1716614257172218
2.013143118936146
2.7625869179691165
2.1721648787188252
2.079492210665264
1.3717149716909343
2.398467181583382
2.485833510606063
2.0870929404248812
2.411314619721708
1.373946517439397
2.17540938822644
1.3126035496275994
2.161437146505108
1.4962040864079014
1.7645557345190923
2.2207038218923003
3.685260927253289
2.3575703269211052
2.1653441209005666
2.54629507452445
2.4274806647909895
1.8234786945736197
1.7601150241000612
2.359889657975583
1.2727893295987833
2.2147883236783588
2.299344117136178
1.4047441422726354
3.3014518113528695
1.8366195638365554
3.0170786207728573
2.0092568083641424
2.082018404294161
2.765711861308661
1.8720441724024712
2.542747605371933
1.90798954004734
2.6206733242476457
2.001160643321886
2.102496892264688
1.4974362591019523
2.4413986298789347
2.4401241043915474
1.5891989947953764
2.1693196210170913
2.326850816102677
2.0527547964119415
1.975329273353667
2.0529936381549923
1.7263883032209422
1.951469979502203
1.7272759551178716
1.845845272051554
3.0893143186344787
1.9887574592328032
2.6723518476999812
3.22902746604398
2.028864615352231
1.6592519777174053
2.1924782795843147
2.6657213653970273
1.5254758229226044
2.1744708803406367
2.1016339125972694
1.8407067516151707
2.468604982620768
2.3235036483235443
1.7123201174848173
2.114669509396148
2.210866922147303
2.3257336597251275
1.67127200234135
2.804138857594887
1.9775921599091935
2.1972797786206217
2.7488370604802674
2.13863822701692
1.3897714076454704
1.6666166700149097
2.1714769435506267
1.5403834854265404
1.7053791377928194
2.027279598555083
2.4791976622406646
3.626594357139306
1.3037923596381864
2.2011401803698964
1.621882228218434
2.034435062980183
1.90798954004734
1.275183376601125
1.7853069866438702
1.8325531582099865
2.2982617631471434
2.2982617631471434
2.334236619425186
1.6942290759400407
1.3761687938847968
2.5586589222474063
1.9912229931212702
2.6891529317528438
3.773058184208153
2.3506492627020923
1.7776981799271696
1.7027919750795943
2.0112212811806653
2.1111741768571077
2.2676666878775342
2.275838430310274
2.6925525015086325
2.4042811154939523
1.616466922939814
2.8509149936038822
2.0162647358227703
1.9633117976964918
2.107692853704505
1.1398356899927906
2.2519260330430915
1.6195567577442946
2.5572003342240324
2.6191068874591528
2.0424553320030654
3.134462054296027
1.8335678223248733
2.079492210665264
1.9383802587818688
1.6072705582233842
2.3080518488503126
1.8551785385585604
1.5715404115511733
1.3669074456337316
2.1078303584861624
2.1261274700982296
2.1261274700982296
2.0521784443233986
2.0789677959409305
2.4002964301521565
2.064487421648021
2.4699220245164857
2.123469878130606
2.661743137807639
1.6049884092996762
2.0653142555646293
1.019626368914212
2.7028317808134545
3.438785351402643
2.9736401213863846
2.814885401258366
1.695644098161969
2.53135611142217
1.819176971175683
1.781493475476142
4.820787500732131
1.4510365611086478
1.4842502133621074
1.96450555844027
3.4090539944094536
1.8593618126464788
2.7532806911968235
2.241731209858109
2.0803334591221203
2.5441821043995674
1.594426409893131
2.102496892264688
2.122585818040234
1.4311802752868539
3.22587468957407
2.2807872090505006
2.1413427096288795
2.914201297133079
2.3745340102101458
1.0326317713279467
2.517323674339657
2.13863822701692
2.0803334591221203
2.7341372449846726
3.166164171980731
1.970500883507655
1.6908298786313742
1.8417318195916033
1.989989290539576
2.1744708803406367
1.6982745378738007
1.8110348650499626
1.3174684174893336
1.82548635289139
2.1487107154747376
4.5062993164176275
2.481353380975058
2.4899211189848813
1.4419724801278015
2.7237626481697843
1.878705578461262
2.054626324657912
1.3541171912176486
3.130639410637322
1.585486657346557
3.2448377962774315
2.699495399155668
2.4325159772334826
2.18650170857078
2.0007676438535946
2.249688808265255
2.5960854975286267
2.2040467830726813
1.8655592741838292
2.990178148472605
2.6590693874652502
2.0529936381549923
2.2060482441056233
1.691320172271364
1.493896281765531
3.261478960649759
2.542747605371933
2.3608837775025595
2.1592566402514626
1.8641122005164577
3.525973894053138
1.6899823737155177
1.2963139155074987
2.310242490525518
2.418332857542883
2.4516627252565515
2.2447771123264952
3.3581961616842975
1.5971235320735109
2.5884372404932243
2.083706624385991
1.4161786542002817
2.278105632976731
1.6942290759400407
1.8677944066504857
2.209889331764078
1.8875947683101653
3.0774557023644276
4.180117199013395
2.4274806647909895
2.471241066476594
1.5691838217806442
2.0500960487530557
2.659141114502927
1.8489442919791779
2.368056437745849
1.7281646067232674
1.612537883861736
2.390618458565227
1.5633323895679652
2.0162647358227703
1.5715404115511733
2.6710301007286716
2.193436458350879
1.78722062520048
3.2878266070419158
2.1924782795843147
1.583267789967931
2.039492703855631
2.430209002335221
2.202107967616321
2.6823934504500824
1.9751426832524999
1.9328763454886986
2.1395387858988437
1.68829010410321
2.2141115467299737
2.3025992950765226
1.6753386228752847
1.4489574751533225
1.8376394045434117
2.3745340102101458
1.8036751223358518
2.0839688849837064
2.083706624385991
1.7171386154192858
1.3957185342505927
1.9774955368658387
2.4778664911543573
2.259134281580742
2.574867159479706
2.2018420010223347
1.989989290539576
2.10356870104578
2.585903185908428
1.6399457192812024
2.567462264130302
2.4738851749531845
1.583021204659814
1.598182029745361
2.92779365105309
1.922602434660292
1.7910485005257328
2.4299946722299945
2.320768245391361
2.46335669496847
2.341517988121674
2.227178796535454
2.2304781441456107
1.9609295404401212
1.231169469798372
1.3362522956033056
1.8033530741688235
1.9642400269391944
1.9432826042437292
2.045684290977432
2.1016339125972694
2.6657213653970273
2.053809597786447
2.0529936381549923
2.0661799367145806
4.234145719830393
2.09905010613922
1.5172227802030045
2.018613332919683
2.4791976622406646
2.017829761406185
4.745210378953331
2.571897621668324
2.4187385022131425
2.6925525015086325
2.3168477616256893
1.8763165535708066
2.332365501866327
3.01214344292886
1.8264920777076408
1.6584379452234004
1.6156963819011143
1.7398090318472046
1.6431304283361767
2.521509653351345
2.343655848087633
3.4033278174817805
2.3608837775025595
1.820476640068529
1.2447408243779075
1.428152280219757
2.221693666972424
1.26487327191276
2.711820349334057
1.9642400269391944
2.055422230278149
2.4039536522449727
2.3157433889863763
1.738006370632276
1.194246906561151
2.46335669496847
1.5744555765737807
2.3069585963915644
2.0233296646729726
2.4272850521835574
1.8816891860707845
1.5693612537455226
1.2832286718073735
1.6261611990162865
1.6823957387450303
2.487227817714337
1.3228126550492612
1.9729114845920288
2.4088540261107063
2.0278398273554163
2.2447771123264952
2.025697468857524
2.2676666878775342
2.2011401803698964
2.7727869479245975
2.233660638774877
2.991505646677587
2.9035728710485804
2.009956875047682
2.114669509396148
2.0434868251767835
1.26723780662047
1.519963370893984
1.0901717138502949
2.222684641368344
2.297591742389489
1.5862276989200608
1.8742987459955913
2.2711317517556147
1.7064697465042624
2.5490226614900413
2.555744191445767
1.2109360672610556
3.4468653070061235
2.339235314439297
2.1190585483652318
2.1577488651083674
1.0524366314028988
2.136017242409212
1.5036733686924746
3.4307798664952958
2.2138063123088543
1.3454839812475137
2.1422460783674144
2.321279347584809
2.4725621145849437
2.6976769350378333
2.095616943709871
2.1586694682298484
1.0190150820574089
2.8570679517811577
3.3767168839227057
3.239742167129567
1.581055282016647
2.301512879720618
1.9560671576560487
3.2041199826559246
1.8154981710656244
1.5715404115511733
2.1421573281687296
1.6682627292545835
2.0964739629839446
2.9014041084641407
2.1421573281687296
1.8145253587869279
2.9642751900871303
1.756220597656534
1.5700869548638297
2.743402700956842
1.721964965125259
1.2640870373782143
3.1858971681914094
1.3334366453829587
1.7353100666915422
2.3135388472856646
1.3606639120670834
2.6191068874591528
1.6855734590252456
1.443616262966073
1.6916782994382684
3.600513346616951
1.6234364180121341
2.1092558475477134
2.5793405889238437
1.4177634247910256
2.2266598838393707
2.1427446311875697
2.69085105343508
1.8095647301935813
3.7613203168799574
2.9273172984618894
1.6439286429632478
2.0702918563720187
1.5891989947953764
2.0077071398642197
2.433591768618027
1.1329234611576018
1.7299449176052868
2.9854900864063936
2.574867159479706
1.6105074910635369
1.4912526757481266
1.5729966155537516
2.222684641368344
3.0839261317467566
1.647129698111456
1.9374848158373292
2.3235036483235443
1.3784312658854976
1.8655592741838292
2.0150263310528023
2.044875925201257
1.7231313333833922
1.7720390310399716
1.5126780474637682
1.4411520155500428
2.232657069669812
1.3874885510989539
2.043261447108542
1.6019559635374465
2.43885144634144
2.8287198751673333
2.127903726266959
2.3529501619649573
2.4969344543584375
1.2493303442751966
2.2124925759851632
2.0193976119470594
2.0743421723440347
1.621882228218434
1.846876946525108
1.5751860940114577
2.127903726266959
1.1166004066434991
1.1762424817097856
1.5736330559195832
2.7200074557354745
2.3398753533269754
2.242678199350893
2.2276565436891786
2.517883118455508
1.6187831455831971
1.6625166129882938
1.986299388613497
1.0440412643978125
2.1605136068499915
2.9666069739407104
1.558491621867005
2.7598088564363294
2.662425008636881
1.7193228236284148
1.922602434660292
2.6128692379316587
2.3846240319864296
2.4899211189848813
2.497523918309672
2.4439533051435016
2.7727869479245975
3.0024991231820133
2.9775964705776503
2.9775964705776503
2.426226384480892
2.1810618309322827
2.348354442440398
2.5615834669759803
2.9481256604708848
1.0351460010077844
1.8483699071724184
2.2337907087254387
1.236412466431887
1.6289006862022493
1.9374848158373292
2.5838371768634474
1.763914025729906
1.695934207511669
2.2040467830726813
3.465316430726198
2.4725621145849437
2.087941586280185
1.7461509162067754
1.617238229614233
1.443616262966073
2.8550121189544204
1.781493475476142
3.2980254204646293
3.2787006933552636
2.3246179383593764
2.9596303182490677
1.7290542601718675
2.215733696697348
2.387016840562518
3.07066497394873
2.034435062980183
1.9281936652482128
2.0100326806478055
2.1607742952140327
1.7184440741649338
1.9248742539924344
1.6857585224315241
3.670996828985095
2.119939023822083
1.33766448028686
2.714980076237841
2.1730173110464586
2.0382377260020013
1.7290542601718675
1.7353100666915422
2.0887910621071173
1.644361159434621
2.3763007338723643
2.5145441872836463
1.2848498841134897
2.0653142555646293
2.233660638774877
1.4448180392585663
2.23869595121737
2.5145441872836463
1.617238229614233
2.2737327590637406
2.076135340926423
4.642905334058568
1.3029571529995627
2.255651810721097
3.3014518113528695
2.2316546587520847
1.893636917886185
1.507261786142854
3.5851930106986654
1.7200995128062215
1.6849164738992892
1.3958958099347667
3.5851930106986654
2.717046517598993
2.717046517598993
2.2982617631471434
1.1291723401549718
2.1173002705101465
2.2167556834408657
2.0669702884090895
1.778645305150194
2.3036870710030466
3.2353675596229934
2.127903726266959
1.5989353460518487
1.6065090949321734
2.1382983104899163
1.9013334514205122
1.3461992866592214
2.2306534033515217
2.107692853704505
1.7290542601718675
1.550278884147448
1.5055290626150621
2.282186246361859
2.271632180134745
2.8674207437569903
1.812385924619113
2.024907483388055
1.626554152863062
1.4799080997971787
3.2980254204646293
1.6072705582233842
2.110302537081194
2.4325159772334826
1.5929292527025745
2.4699220245164857
2.051364014855565
1.8194784586844996
2.4516627252565515
2.0193976119470594
1.6080327703317066
2.1261274700982296
2.485833510606063
2.1953147732906726
2.0893544155858796
2.2710911729915937
1.7434267349775596
2.0497374432869493
2.3257336597251275
1.9260125659826535
1.707647776909446
2.0853981321529105
3.365557129161033
2.170726956596635
2.8916008431185003
1.7862632301527854
2.7053053768695308
2.2366783220550794
1.7158136899349952
1.3966651515283222
2.8632648077719143
1.8164913831958167
2.592900796118457
2.7543056344547723
2.3358401741016435
2.2519260330430915
2.9446868303195055
2.3822237826765846
1.7617676038083168
2.265360752429028
2.064487421648021
2.119939023822083
2.465976874825105
2.4725621145849437
1.8795358199787793
1.6543804576080878
2.301512879720618
2.660781509634134
1.8244818928573583
1.781493475476142
1.2020264195303656
2.245794791369459
2.0965148109095137
1.706243419728904
2.1623616691722836
2.025260949841703
1.8154981710656244
1.3643280049442315
1.4493996741956383
3.0624755103718346
2.2316546587520847
2.5343789509307926
1.5991603211781948
2.1181789645292493
2.4672899347332247
2.072791394683433
2.3844228551428244
2.1252407023195152
2.714980076237841
2.3810471334635936
2.978360725200327
2.0711242368514435
2.4845428419633184
1.6226589345317575
2.0320433525278214
1.3989782707806204
2.9596303182490677
2.0214078775103266
3.10283861373564
2.177289451652681
2.369229414242553
3.236623297662551
2.8307143397952306
2.101684591942387
1.43356149368694
1.698498863659943
1.5862276989200608
2.0209682976622463
3.264484999964843
2.132360323851956
2.933666102510397
3.699452888392656
2.028864615352231
1.766419950305436
2.0870929404248812
2.527122525638022
2.0304525298050997
2.892782807275168
1.2099053506155666
2.6976769350378333
1.7443337531565533
2.659141114502927
2.0521784443233986
2.042171380288132
2.5974683209143627
1.9924585724655937
4.8821251402650345
1.7131920588703589
2.1243548389446083
1.7389071872371928
1.5623616740886779
3.2579295804423714
1.537564937246963
2.1605136068499915
1.9068763660123063
2.104225428086504
2.487227817714337
1.724615990047749
1.6296844399230719
1.5750822703149507
2.4939767946668705
1.4950939047724132
2.2886776545868646
2.4127518502444953
1.443616262966073
2.3246179383593764
1.7470610656267334
2.260779722944555
1.5751860940114577
2.1353474048084733
2.422474374483381
2.1287932183711216
2.245794791369459
1.6391515715732115
1.4974362591019523
1.353393603047691
2.6327253840390585
1.7833979437203447
3.191593381341486
2.3893185769904677
2.4100834516008978
1.9214689186759764
1.2213406118851797
1.6641540572727358
2.1287932183711216
1.8016432366482056
1.377681792400047
1.3133637307377062
1.0880828323352332
2.359889657975583
2.3135388472856646
2.1653441209005666
1.7966106526549945
1.7552998610485855
1.6042291842172112
2.0628361113335325
2.038435940453865
1.6950811790748803
1.1748793175463736
1.8816891860707845
1.583267789967931
1.9013334514205122
2.459441185871407
2.011586507473287
1.3476321372011688
1.3476321372011688
1.5788490995411184
2.084551966509949
1.6281177214440479
2.5441821043995674
2.321279347584809
2.176348911264292
1.5803191866962232
2.7023953957408935
1.0408472045936743
1.621942738077949
2.001160643321886
2.3135388472856646
1.0649481648232462
2.1413427096288795
3.1138335575580753
2.8863725275247454
2.419982008458183
2.088129538774136
1.1021596433368406
2.095111290613853
2.312056375213638
2.1270151441293024
2.0827743247401185
1.6584379452234004
1.6195567577442946
2.2917958104799605
2.3990807701023438
1.2996270283855027
2.1629695761919243
1.8095647301935813
2.3381021258065435
1.771569135566834
2.0913444856916525
2.6038038649014505
2.2539794358051206
2.076135340926423
3.6316006474469145
1.1998949616983203
2.2447771123264952
2.1632871769463766
2.8341470735389933
1.1907430746276055
1.4670374648031417
2.0233296646729726
2.0587215183061716
1.1832199630925238
1.3997510142127993
1.3669074456337316
1.8583139456744968
2.5542904857276834
1.9924585724655937
2.0595428790896526
1.671565271334068
2.3667065227240496
2.222684641368344
1.8224767550191787
1.4573116917018099
2.4150186294448948
2.1332543938884956
2.004918812660686
1.6118551115696997
2.013143118936146
3.4591279431091198
1.756220597656534
1.7045158043487443
1.7317292530276098
3.25469023761273
1.5766492088629023
1.6407406772545001
1.7398090318472046
1.9456134105615037
2.646206871368528
1.747972263354888
2.083706624385991
2.053809597786447
2.3727578779864027
2.6794694194003297
1.6415364470478437
1.6925276380068008
2.805136825708217
1.8085801016418406
3.6417006329201977
2.1980629290512748
2.3324582530330327
2.6477442823053936
2.916700410053357
1.663015754208043
1.5040250336319236
1.2424585135227473
2.010809246603696
2.1121142805868565
2.6477442823053936
2.9689450344744137
2.967463768027991
2.16606963195947
2.3495010947043595
2.8902640005820217
2.0291323335718716
2.0170468961311903
2.148596104296315
1.671565271334068
2.5689382015522284
2.87438881239683
2.662425008636881
3.5538441213638294
1.338371667100016
3.361868847764292
2.1992078348258555
1.9421197155195065
2.537033183682971
2.3844228551428244
1.7036534174308882
2.92779365105309
1.9724985717025358
1.8244818928573583
1.766419950305436
1.6977159352219802
2.9854900864063936
2.3259064957658246
2.905747062331009
1.7371065798131964
2.272681834599412
1.8614616640164485
2.3990807701023438
2.252952127626458
2.2138063123088543
1.3568661532793558
1.677378452270374
2.0711242368514435
2.1261274700982296
1.771099749676638
3.0405680322684563
2.4325159772334826
1.5773818087348148
1.2301496332843072
2.107692853704505
2.1332543938884956
2.193436458350879
1.8958284283724804
2.97599721635747
2.0896413695306846
2.6191068874591528
1.8396829952479505
1.226710120586941
2.4778664911543573
1.3146323486650586
1.9035460422997963
2.1111741768571077
2.1632871769463766
1.4950939047724132
2.027279598555083
2.456840618168859
2.3279694111881284
2.4312544098892537
2.1064073432476595
2.492598926203414
1.8325531582099865
2.3005326880803025
2.0100326806478055
1.5017815562521437
2.028864615352231
2.456115478064528
1.2099053506155666
1.6407406772545001
2.1972797786206217
2.3978668090887942
2.312056375213638
2.207654618351377
2.784315922384446
2.1504189569355567
4.259134281580741
2.3727578779864027
2.9014041084641407
2.693290993011424
1.7833979437203447
2.6493632743189655
2.0939054378087048
2.102496892264688
2.0675346628964597
3.029540656118952
2.24376062424816
1.5890320794016275
1.7326229353343998
2.3763007338723643
2.071957415777494
2.039546837265143
2.2040467830726813
2.1716614257172218
2.0328562576556393
1.621882228218434
2.4287367589561084
3.318789492052073
2.0168928952361407
2.075298146679627
2.265939573203906
2.1068246987458683
2.2356712622740864
2.4845428419633184
2.272681834599412
1.7795935611010634
2.269397409154748
1.6823957387450303
2.2488550022759197
2.5542904857276834
2.2539794358051206
1.6423330302204797
1.7701615787915743
2.43885144634144
1.6336150953862663
1.048545427690781
1.9524991215734142
1.6019559635374465
3.075945166281147
2.897546603843116
2.6657213653970273
2.285138656801747
1.9479782926284614
2.4994139890338047
2.824744632696306
2.840755942545332
2.2982617631471434
3.9862971729972823
2.2001734702380475
2.689902926867897
1.460266731181577
2.9831071247915557
1.8178139690945312
2.4778664911543573
2.018613332919683
2.721999015150045
2.390618458565227
1.1914422406321603
2.7349696539358717
1.6080327703317066
1.581055282016647
2.311339886709152
1.6757131363312647
2.5808368665786308
2.349436935829007
2.5704166512092765
1.9625986532378232
2.464665796894959
2.017829761406185
1.5700869548638297
2.271632180134745
2.369229414242553
2.0317235123309145
1.5068846134272629
2.078651776188658
2.458139928753414
3.173305227100533
2.0570811231749646
2.971289405570515
2.046493409772603
2.5257159035268737
2.5238894711149626
3.754883761716003
1.7513235042937199
2.1208203927092817
2.6364950543081456
2.3739372250295077
2.8970827614222863
1.7281646067232674
1.419148896974885
2.2509011491910775
2.0233296646729726
1.581055282016647
2.274784956604655
3.39564113931826
2.4835904521531655
1.5001027032805383
2.0607833773521196
2.146777069152305
2.045684290977432
2.163818025432237
1.7065883320631667
2.4439533051435016
1.8795358199787793
2.555744191445767
2.002411437262826
2.4039536522449727
2.187703177047673
2.263894246506192
1.3342339450932703
1.394359664091187
2.3201693295886185
2.576355744186477
2.2498774732166
1.7824451390673146
2.3506492627020923
1.6095594465240832
2.0587215183061716
2.1513318198296774
2.791135292329205
2.5155528096635273
2.9999268004167563
1.2341601021778144
3.2677813567249894
2.0123644645013856
1.1430553638301812
2.7488370604802674
2.5062586971397356
2.3193842374051834
2.0036641584635646
2.2684908061362834
2.219715103556961
1.679047315122375
2.3279694111881284
1.8145061938839624
2.3168477616256893
2.1848506655716085
1.96450555844027
2.0053878088097425
1.8448149253774282
2.2266598838393707
2.6807117675166205
2.5257159035268737
2.34036998339727
1.9826261814313972
2.3157433889863763
2.321015702333802
2.3091464790692977
1.8017215540554392
1.8164533713200286
2.2505554533091514
2.1810618309322827
2.3924192180829205
2.048769915190932
1.7920249663068215
2.2768931832799657
2.3157433889863763
1.843785903240712
2.161437146505108
1.6576247599255578
2.9596303182490677
1.8056541994065844
1.9838487378409515
2.3472093019135447
2.308020057413589
2.5838371768634474
2.5989961822824674
0.8340967250273909
0.8340967250273909
2.4832034601037667
2.2684908061362834
1.6916782994382684
3.0096863296529293
1.9046546211903865
2.082018404294161
1.3320331590461747
3.5143624731814427
2.20501781611267
3.2102802138943454
2.1679295662115052
2.1605136068499915
2.1138969601892756
2.1623616691722836
2.072976129021228
3.319238114895606
3.5780572076854327
2.259134281580742
2.990178148472605
1.0332592038826793
4.024907483388056
2.280065148937072
2.042171380288132
2.055422230278149
3.388279561589263
1.887097977406293
2.262241937717985
3.01214344292886
2.189610069062318
1.1528201950798032
2.2337907087254387
2.120749828787379
1.7183333756948354
1.2353986823460996
1.2353986823460996
2.0175729500628043
1.7470610656267334
1.6257735460746365
1.4627982335380953
1.325058704152829
2.206963144952259
2.025260949841703
2.1413427096288795
2.031247576967069
1.681007447630258
2.769059092572281
2.7822554377047273
2.045684290977432
2.064487421648021
2.022541828824124
1.5700869548638297
2.5989961822824674
1.9180778939626626
2.147215131319452
1.551767877598208
1.6080327703317066
2.3739372250295077
1.8479099520722178
3.5143624731814427
2.5429911010989636
2.8234772539477366
1.939971809173641
2.3257336597251275
1.0689601446017019
1.5068846134272629
2.5884372404932243
1.887097977406293
2.4614840850837836
2.2430302944216245
1.8315535138924424
2.8468371036544573
1.3587891148532512
1.3989314591763835
1.5326894607537567
1.3285370152782314
1.6840753283234038
2.0100326806478055
1.9068763660123063
1.3293592044895328
2.8337885593172
2.983251980562918
1.701931475341318
1.6831614838219977
1.8656779331553044
2.16979349174182
2.0736261751069445
2.053809597786447
1.6415364470478437
1.168630353400257
2.971289405570515
1.677378452270374
1.7029466266442053
2.013922472029085
1.3337190381460835
1.4275481069068203
2.91603080765275
2.20501781611267
2.8674207437569903
3.098581679214688
2.3564129796961684
2.0124876552748345
1.707974836971108
2.5007786224076773
2.5285314293756542
2.1972797786206217
1.3867292580901565
2.082035021032332
2.215771446549368
2.4287367589561084
1.3363488629413747
1.4790428226419956
1.9801865798392884
2.2737327590637406
1.5257029827610256
2.4187385022131425
1.3207253929505673
3.0654166862964325
1.6312543202305558
1.6057483790817675
2.022179264784835
2.100771789485492
2.289651145282193
2.8307143397952306
1.7692245158920485
1.7123201174848173
3.17595040576522
2.1422460783674144
2.2573575899235827
1.6328273743652681
1.6167031162656753
1.602712962695341
1.674051353117867
1.6034707024694745
1.6757131363312647
1.5451054199542669
3.271090271065014
1.724335579814634
1.5489050934002098
2.0711242368514435
3.6519194444771577
2.2737327590637406
2.761651039446713
2.446349709490195
1.8135154487258691
1.594426409893131
1.8925433967307828
2.0603650173089183
2.3657152261833545
2.9412953057672597
2.242745324350199
2.400492947100671
1.8510169880790182
2.1623616691722836
2.1933085672603108
1.6625166129882938
3.4278640801646905
1.6042769728074198
1.2975905199628814
2.15591058090092
2.0424553320030654
2.1823204838022914
2.255007960453195
1.9887574592328032
2.0147025250350885
2.3146404187253946
1.154792465313605
1.5208792086494691
3.2810933255420016
1.3278399315126879
1.1567712501909968
1.4185039046450696
2.147215131319452
2.1001316536631687
3.6955327643056823
2.215733696697348
2.3763007338723643
1.6832350838785648
1.7599142836717445
2.114669509396148
2.1129200849098786
2.1332543938884956
2.564517891941995
1.5388185095958378
2.952709254030055
2.0839688849837064
1.4265439971638711
3.6166675180762056
2.132360323851956
2.6348998491512203
2.5272695886720737
2.1513318198296774
2.2519260330430915
2.3047762109122805
1.310512906823428
1.4627982335380953
2.0440683110437643
2.255007960453195
2.7719965521981234
2.5601199637421184
1.6087957326372784
2.388411456694545
2.8307143397952306
2.114982709684917
2.6038038649014505
1.2547271978852639
1.5347572548400639
2.265360752429028
2.600526735918692
2.19056508726057
1.62089185284828
1.1187988228219319
2.1350452996029743
2.8267299797636616
2.0521784443233986
2.6976769350378333
1.4873716138054567
1.278389409902874
2.401513794000774
2.2407182780070944
1.4552305422771814
1.730385636074201
1.4594248904078673
1.4594248904078673
2.2246699884356995
2.1462769305057137
2.3358401741016435
1.6156963819011143
1.6351929329103003
3.22902746604398
2.1577488651083674
1.5981412250709872
1.1721621464767389
1.0389399645246875
2.2982617631471434
1.2100770633736093
1.965701080572347
3.4033278174817805
2.9854900864063936
1.6574806815838474
2.119939023822083
2.0661418773173894
1.752573251525849
3.308345410742429
1.3306325514525041
2.301184352045932
1.353393603047691
1.6296844399230719
2.0069333411815897
1.7425207560092386
1.7371065798131964
2.34036998339727
1.9502952693823534
2.0304525298050997
1.9248742539924344
1.8469545074881548
2.020127560420239
3.31181283636043
2.242678199350893
2.3570244326597596
2.336970413641481
2.548499871188856
2.4948662516057323
2.0921972977030254
2.4529543075968547
1.657667840767291
2.2560377044550206
2.3924192180829205
2.1623616691722836
1.3140461226931313
2.1092558475477134
2.132360323851956
2.0046160726738504
2.018613332919683
1.5862276989200608
1.1336766496470823
2.034435062980183
3.3329132010270466
3.3329132010270466
1.9550043749672186
1.5966775934517534
3.002356421480119
1.8095647301935813
1.4155318529715986
2.302986502380626
1.6745648832856614
2.4791976622406646
2.132360323851956
4.199009654922876
1.318842180964822
2.051364014855565
2.026549368196198
2.657503811541567
2.105090987663669
2.383430095078431
2.0440683110437643
1.8572674466079477
1.314748723813785
1.5920559906970142
2.30042782153603
1.9691847637039706
1.6042291842172112
2.194890312356075
2.630131736735767
3.505455620462222
2.095616943709871
1.8376394045434117
1.8597870839170567
1.8957049231947984
2.655869589114409
2.2940146114876616
1.1694571111502867
1.9986648144007044
1.1893471327339757
2.7727869479245975
2.348354442440398
2.6348998491512203
2.0702918563720187
2.1513318198296774
2.355257172521221
1.5693612537455226
3.0024991231820133
2.163818025432237
3.2744118390279433
1.9072094156779902
2.2560377044550206
2.218727509404168
2.023016315729742
2.4926227975667987
3.31181283636043
1.5974294459891365
2.140440279455436
1.1803504232905548
1.4396785358915776
3.00707057719367
2.1395387858988437
2.1173002705101465
1.4636440680471052
1.6487088068040117
2.4039536522449727
2.23803788365509
2.0280717454078045
1.754380193662252
1.5528669549213543
3.669926363441034
2.177289451652681
2.0077071398642197
2.8129269134752657
2.435044622291002
1.650892151461411
1.9260125659826535
2.1440556393631782
1.0530879253820367
2.289651145282193
2.8842462376898217
3.1621799550700804
2.0675346628964597
1.6019559635374465
1.5989353460518487
3.1534503442651807
2.100771789485492
1.7426321765605226
2.932270923666682
1.9340260011637027
1.3147292020456744
1.5613446728026552
1.8356010219997243
2.92779365105309
2.0913444856916525
2.769059092572281
1.7525440571437958
2.0803334591221203
2.2321327678714598
2.537033183682971
2.248863614441011
2.4835904521531655
2.2346653687467186
1.6094292392881115
2.16606963195947
3.818428464693362
2.289651145282193
2.2519260330430915
2.2950227700943238
1.0165771131037051
1.5366278395562798
1.5962974222091266
2.198243271746379
2.5704166512092765
2.18200749130202
1.6674392667531945
2.481866140418794
2.0376342892997688
2.6317182010376436
2.161437146505108
1.70177589296822
1.6004441816596444
2.456840618168859
2.1243548389446083
2.242745324350199
1.6012027369036268
2.144961835547416
2.3157433889863763
1.7949215599322783
2.7045568835926503
2.2922318099834054
2.4516627252565515
1.7923648816339932
1.6551902706529527
2.460744395363903
2.0400414657978843
2.652610339647392
2.7440756526837764
2.0336370941929554
1.3222887888380965
2.1791735933108076
3.5827906742436464
1.9328763454886986
1.4209437127236586
2.664071623279412
2.4516627252565515
2.6823934504500824
1.9858947653521812
1.8264920777076408
1.7210832670311271
2.5528392089258825
2.0778121541186323
2.1761067133244985
1.6942290759400407
2.090442218478198
1.6535714835178623
1.8860133040442262
2.275838430310274
2.449251943730727
1.6936311794900747
1.6187945313492946
2.1848506655716085
2.5341900094133827
1.621942738077949
1.500993714035798
1.9215437659981565
3.1680488217481795
2.15591058090092
1.4395139302828808
2.1190585483652318
1.4028010323632945
2.2447771123264952
2.454247813366521
2.4299946722299945
1.3278399315126879
2.102496892264688
2.0007676438535946
2.0913444856916525
2.9123024818534806
2.371580130058422
2.166999101244319
2.387016840562518
2.3324582530330327
2.2407182780070944
1.2266106928416585
3.144459035247632
2.3930278608419684
2.9458429023532666
1.5604240921952008
2.34036998339727
1.3732018702803952
2.202452307885309
2.283248740639674
2.16979349174182
1.8572674466079477
2.1296836223074314
1.9248742539924344
2.8425085158520464
1.7237313245361363
1.8335678223248733
1.551767877598208
2.5155528096635273
1.0257790675068637
5.463254264236666
2.1314671731678017
2.259066889267134
3.284182334610124
3.0661024665656464
2.013922472029085
2.30042782153603
2.577846884404728
2.1068246987458683
1.6604571033918223
1.6535714835178623
2.16979349174182
1.2416995751923476
1.1497262075603332
2.1792077424510414
3.1769271508076686
2.4413986298789347
2.0378288775420037
2.3313338658678555
2.289651145282193
2.43885144634144
1.6303458664177284
2.764058479488044
2.246813664171105
2.1476861105370126
1.951469979502203
1.6866014757509922
2.33021093233872
1.5840067041398886
2.308416534599289
2.2768931832799657
1.8184815240540237
2.1839019063688045
2.4994139890338047
2.339841711806288
2.1744708803406367
2.20891284041468
2.0702508691553785
1.5686362358410126
2.051424340226743
2.0634772022413985
1.6242146801193955
2.440792023925545
1.5950034344194852
2.5285314293756542
3.207194637065783
1.7884224891526626
2.1261522871892002
1.5790410310447833
1.9875274937373337
2.05055034831943
2.1377386008735186
1.2889208528613225
1.651956045670988
1.602712962695341
2.051364014855565
1.617238229614233
1.0616273989712615
3.0396406415922352
1.5790410310447833
1.78722062520048
1.9035460422997963
1.4444395851627698
3.032054663557957
1.842758202391432
2.4064003833383723
1.1391938456422563
1.6118551115696997
1.7682885584937473
1.740711906688814
1.0190150820574089
1.97775429118534
1.6899823737155177
2.8074211530993276
2.0304268931269145
1.9560671576560487
1.9011214921991486
2.1270151441293024
1.7920249663068215
2.5456189764622414
1.6699122584249269
2.5586589222474063
1.4204924999950828
2.219715103556961
2.187703177047673
3.0851126061270495
1.8510169880790182
1.1728402980646917
2.371580130058422
2.013922472029085
1.4585840428010912
2.2236767476598787
2.7167295007241106
1.1591015993735028
1.1755605169132228
2.031247576967069
3.4278640801646905
1.1832199630925238
2.319060728335628
2.1623616691722836
2.1513318198296774
2.8723259330655684
3.0
2.0529936381549923
2.4212272975084863
2.1504189569355567
2.135942139087718
1.1687827382110831
2.0440683110437643
3.01214344292886
1.71707568001009
2.0769733428860766
1.5795837929534926
2.2306534033515217
1.6666166700149097
2.114669509396148
2.3564129796961684
2.2922318099834054
2.081206819031078
2.4274806647909895
1.8095647301935813
1.887097977406293
2.1577417786686195
1.8583139456744968
2.133875916630372
2.7344203151799187
2.491270907856061
1.5825295823967391
2.5793405889238437
2.8992407475355653
2.3179535402140004
3.704898605063603
2.0328562576556393
2.608220222566383
2.387016840562518
1.6641540572727358
1.750712169357727
2.290600128877748
2.736209376499978
2.5398856951590356
1.6057483790817675
2.3047762109122805
2.4529543075968547
2.110865433755708
2.362807848981249
2.219715103556961
1.8417318195916033
2.0201825997671468
2.369229414242553
3.6727249652766925
2.5601199637421184
2.5883571643252443
1.6328273743652681
3.1621799550700804
1.2113487286115823
1.827499070349019
2.504885433669795
2.4088540261107063
2.334236619425186
2.088129538774136
2.104225428086504
2.7415987772268062
1.7029466266442053
6.90357287104858
2.743402700956842
3.1985404857779343
2.750201209409949
1.8178139690945312
2.6763625244874367
2.116420693981405
2.797415984081741
2.4452334659703783
1.697643047895683
2.1562297004943245
2.4832034601037667
1.6351929329103003
1.9717052881633028
1.7831972693819749
2.450373060633866
1.6857585224315241
2.114982709684917
2.395443965219904
2.029658209709681
1.131420054623984
2.608220222566383
2.390618458565227
1.3912974759530823
1.7175663034344395
2.0711242368514435
1.6167031162656753
1.7475865054624407
1.6600668590705314
1.7516275833258306
1.6439286429632478
1.9741194779345184
1.838660547287569
1.087388289951857
2.278105632976731
2.5007786224076773
1.6198424518857248
2.168861028996542
2.6925525015086325
1.4067443644755655
1.5744555765737807
1.3966651515283222
4.009256808364142
1.4336126929813706
1.1844862770106417
2.398467181583382
2.450645962518375
1.9593261323779736
2.1801171990133947
2.1382983104899163
2.09049251018067
2.659141114502927
1.236412466431887
1.7140649667204406
1.8036751223358518
1.7166895093759438
3.325822639497747
1.6032508077490348
2.4051761562663545
2.0798292741249425
2.471241066476594
3.886513433106007
1.8407067516151707
2.242745324350199
1.1508544049331126
1.9180778939626626
1.778645305150194
3.9555287196768862
2.368056437745849
2.7672011475562575
2.301512879720618
2.022690210679972
1.634403614394843
2.1714769435506267
1.374691965186219
2.015483279212428
2.05055034831943
2.172596901266781
1.1495474612790277
2.0675346628964597
2.2519260330430915
3.1345553655709937
2.30042782153603
2.2438087458246625
2.218987583080547
1.9560671576560487
1.9560671576560487
2.6194560701825376
2.582335726249633
2.024907483388055
1.7900997460406707
2.97599721635747
1.6133893383869633
2.1791735933108076
3.047293457298341
2.7746568925947437
1.578049341625936
3.763575148738344
2.5441821043995674
3.1799068757326907
1.6584379452234004
1.616466922939814
2.650985289662048
2.10336073019149
2.695965429136667
1.5693612537455226
2.0461240947616526
2.9412953057672597
1.4807744224376682
2.34935897974712
1.8244818928573583
1.8305276858188262
2.2695366689523575
2.1885814494236944
3.7655873442209513
3.2558959020890565
1.7140649667204406
2.952709254030055
2.2864440439261027
1.873110138514491
2.1413427096288795
1.472178987062339
2.180015465768959
3.544073006841495
1.7184440741649338
1.7010719162685997
2.6294716336849255
3.0524330519618283
2.18200749130202
1.3085652407679178
1.4552136356543122
1.472178987062339
2.271632180134745
1.651956045670988
1.7340389351497127
2.227341776992188
3.3152941595130327
1.197337278551882
1.3035531695995628
1.6415364470478437
1.3215836767043718
1.6042291842172112
2.252952127626458
2.567462264130302
2.1452062238715173
2.063661374069065
3.0220419997861456
2.0408453427306057
3.279575589099098
2.1059574106420516
2.5601199637421184
2.7289529799572882
3.264484999964843
1.194246906561151
2.6238146982461075
2.343782911025304
2.029658209709681
1.5715404115511733
2.169939451172163
2.7140959111431378
1.6993556123602716
1.466187602524435
1.5877119183802155
1.7231313333833922
1.8635670282668195
2.7202389558572113
3.8932729144087683
3.4347733860074463
1.8075966877809682
2.382237797068556
1.5700869548638297
2.0751793245788805
2.16979349174182
2.3564129796961684
1.2178858098914611
1.6110891345966336
1.7053791377928194
2.2128254099304034
1.7910617737537764
2.161437146505108
2.168404823498796
2.1605136068499915
1.6195567577442946
1.3276233324723814
1.3595897141943765
2.1522456431268098
2.5833767378863945
2.170726956596635
2.321279347584809
2.1305749399472744
1.6899823737155177
1.3867292580901565
2.462049563098296
1.2573646267140701
2.280065148937072
2.0092568083641424
2.0170468961311903
2.1217026568418222
2.0677994903468204
1.509062701722844
2.4899211189848813
4.406973646421018
2.13863822701692
2.738367284390144
1.9351772951153963
2.6710301007286716
3.1221720756508304
1.8174858332099677
1.893636917886185
1.5700869548638297
1.7114491405416286
3.7449955867510285
2.232657069669812
1.7045158043487443
2.047303282991003
1.4881457062175867
2.4100834516008978
1.8860133040442262
2.7543056344547723
1.3797970932984194
2.3381021258065435
2.1397777464596266
2.1413427096288795
2.2488550022759197
1.8530950613606245
2.2573575899235827
2.097331828696945
2.2108767723549323
2.079492210665264
1.62110629761646
1.9383802587818688
2.1867512986359072
1.8903608032357624
1.3771020128593978
2.1085618772525407
1.594426409893131
2.064487421648021
2.4549643860073833
3.014607526748243
2.5341900094133827
2.436311710719654
1.3920617641174724
3.0498594531491956
3.071398451446007
2.353182886692393
1.5552788864388667
4.0481734025164045
2.475210253720939
2.222254333401455
2.3426437777947444
2.4088540261107063
2.801267826153818
1.65968980649961
2.004693417869456
3.0856752303112924
2.1605136068499915
1.9801865798392884
2.1592566402514626
1.9409584969125844
2.1810618309322827
2.369229414242553
2.9581676935035106
1.90798954004734
2.5884372404932243
2.039238332163404
2.2735043712672214
2.013922472029085
1.5840067041398886
2.1217026568418222
1.5721271260614706
1.7664572249650745
2.0320433525278214
2.4805308765681215
2.242745324350199
1.5744555765737807
2.6551044045960626
2.205989935927412
1.7664572249650745
1.5001027032805383
2.26640285089093
2.3362809622547007
2.0653142555646293
2.1296836223074314
1.6568124201658285
3.2980254204646293
1.3989782707806204
2.7993397699485842
3.7383099920693073
2.1924782795843147
2.170726956596635
3.04218409571951
2.0620116319514494
1.6568124201658285
3.002356421480119
2.1059574106420516
2.4832034601037667
2.100739854970986
2.0603650173089183
1.6257735460746365
2.079492210665264
1.797828734448267
1.5652776850810222
1.3440556033598494
1.634403614394843
1.3447694205986582
2.219715103556961
2.2316546587520847
2.0913444856916525
1.878705578461262
1.5520931494735999
1.5520931494735999
2.1605136068499915
2.34036998339727
2.662425008636881
2.6654503901149145
1.2106266192926487
2.934518244360995
2.189610069062318
2.4076263383249676
1.8407067516151707
2.191521156662335
2.840755942545332
2.299344117136178
1.6391515715732115
1.6507408570552757
1.5715404115511733
2.4042811154939523
1.598182029745361
1.6832350838785648
1.5708133403974693
1.6568124201658285
3.0396406415922352
1.6890162260385342
2.2167556834408657
1.2259699765953993
1.8335678223248733
2.148596104296315
1.427347680578062
2.047303282991003
2.5285314293756542
2.8074211530993276
2.3223907859499047
1.6118551115696997
2.7532806911968235
1.6723930885284202
1.5413254292962704
2.0634772022413985
2.4420754048124524
1.3440556033598494
1.8455416884711517
2.5257159035268737
2.573346121545285
2.173533385415511
2.098190542522503
2.6035959580656285
1.4851808423612831
1.7140649667204406
2.8307599267190855
1.7425207560092386
1.7463448994913902
2.609767131192182
2.09049251018067
2.044875925201257
1.8164533713200286
1.1660927491251485
3.08952912964773
1.5971235320735109
1.827499070349019
1.4452638638455921
2.0440683110437643
1.9528216230714792
1.6732217818731916
2.0077071398642197
2.2519260330430915
1.958554269147266
2.8207875007321306
4.24885500227592
1.7488845116843723
3.681371720049781
3.271090271065014
2.169939451172163
2.3124386711236227
3.2393618337476093
3.212014064443319
2.032839857823258
1.6503439440994991
2.6396942806277313
1.543212975849316
2.8611942729087043
2.1332543938884956
1.6312543202305558
1.3844563343169123
1.3215980681611685
1.687445335694182
2.1270151441293024
2.328487791630065
2.507634135216237
2.274784956604655
1.1567712501909968
2.1129200849098786
1.8510169880790182
2.5131577720430722
2.2306534033515217
2.0038450216122925
1.4161786542002817
2.359889657975583
1.792989326387793
2.2790065394656236
1.7371065798131964
1.112955294457002
2.260779722944555
2.3575703269211052
1.522714361281244
1.0853098933584833
3.015000836690578
2.2238925635582625
1.5989353460518487
3.838358895442753
1.3257529473575214
1.9374848158373292
1.6649740669801742
3.5733493968984775
2.272681834599412
2.916700410053357
2.7319559683224015
2.642905334058568
2.1412598502404885
3.004792857758755
2.301512879720618
1.5643043921956894
1.0798055638781143
2.1193297362362498
1.651956045670988
1.6607968165694849
2.1350452996029743
1.820476640068529
1.4233383888140256
1.6095594465240832
1.5744555765737807
2.188656099758509
2.5615834669759803
3.325822639497747
1.3821908102652922
1.6049884092996762
2.248863614441011
2.3441491300691046
1.5373991098774205
1.8614616640164485
2.8347170609977743
2.1016339125972694
1.8335678223248733
2.387439435310125
2.1413427096288795
2.282186246361859
2.3784754877087266
2.297591742389489
2.2737327590637406
2.132407059330012
1.97775429118534
2.3517989504461285
2.0964739629839446
1.6823957387450303
2.4765373570559706
2.172596901266781
2.730853209699084
2.3091464790692977
2.3223907859499047
1.9825243449125671
1.0320050864468993
2.7380021304156803
1.6156963819011143
1.171484753367928
2.6542384356513606
1.4653387504028736
2.4088540261107063
1.6357410897771896
2.046493409772603
2.2366783220550794
1.7805429503500274
1.9999117709297196
2.144961835547416
1.3606639120670834
1.6357410897771896
2.2488550022759197
2.450645962518375
1.6757131363312647
2.538458268438754
1.64953914037135
2.2011401803698964
2.435044622291002
1.4376334546041905
2.6396942806277313
2.1305749399472744
3.0096863296529293
2.1350452996029743
1.738006370632276
2.2519260330430915
1.9635064503561446
1.6503439440994991
1.3352823811979002
2.8267299797636616
1.820476640068529
2.2790065394656236
1.6815572911085925
2.625389656000935
1.5498581090316648
2.257068670705206
1.9147010648226652
2.0964739629839446
1.521796204561807
2.10356870104578
1.9887574592328032
1.6226589345317575
2.289651145282193
3.3804688939202165
2.168861028996542
2.865340290154435
2.026488173476359
2.2040467830726813
1.1583145139669941
1.9538245275026846
1.3250280968265735
2.3798580997887844
1.2447408243779075
1.6304037194563077
2.241731209858109
1.78722062520048
2.3175462059733274
1.434622285752872
2.395443965219904
2.7028317808134545
2.2674462011230574
1.827499070349019
2.097331828696945
1.670738328545903
2.32492284106702
2.3506492627020923
2.283248740639674
2.6038038649014505
2.144232098705308
2.15591058090092
2.265939573203906
2.4127518502444953
1.5811086423020821
2.182171759795706
2.051364014855565
3.284415103593477
2.5959431423595225
2.4125475354202806
2.176348911264292
3.699452888392656
2.3846240319864296
1.9774955368658387
2.505084662030511
2.990178148472605
2.0193976119470594
2.17540938822644
2.127903726266959
1.4155318529715986
1.922602434660292
1.530345199174458
2.3246179383593764
2.00869443098272
1.6415364470478437
2.2266598838393707
2.1068246987458683
1.6511495786611412
2.4815293178158195
2.0587215183061716
2.0233296646729726
1.7575928121392324
1.2319157917844965
1.4257412281245294
2.2255340470672595
2.246813664171105
1.9147010648226652
1.148243372336636
2.6925525015086325
1.8154981710656244
2.7727869479245975
3.12050018868318
1.7272759551178716
2.404559284595347
2.3201693295886185
2.1848506655716085
2.10336073019149
2.594420637212809
2.6191068874591528
1.6511495786611412
2.2177410368804096
2.642905334058568
1.253180544061812
2.081175523137472
1.6094292392881115
1.6866014757509922
1.5991603211781948
1.9248742539924344
1.8145061938839624
1.3754382150350075
3.372981011652467
1.2326630033330248
1.6053077771984645
1.4934477342491816
2.2407182780070944
