Gene Symbol	Number of perturbations	Ranks of perturbations	Perturbations	Most enriched perturbation	STARS Score	Average Score	p-value	FDR	q-value
POTED	2	8;149	TCGGCTCCATGAAGGCGCTG;ACAGCGCCTTCATGGAGCCG	2	3.761320316879957	3.3056768957378573	0.01178203240058917	0.4005891016200317	0.2837506136475217
GRAMD4	2	95;171	GATGGCCCAGCCATGCCACA;TCTGCTCTGTCCCCAGAGCG	2	3.6417006329201977	2.710226767998257	0.01669121256750128	0.2837506136475217	0.2837506136475217
DZIP1L	2	151;248	GGTGGAGATTCCTCACCGTG;CATCCAGTTCCCGGGCCACG	2	3.3187894920520735	2.4492305559306864	0.034609720176730474	0.3922434953362786	0.38807069219440393
PRICKLE3	2	165;271	CTGCTACGAGGCCCGCCACG;GCCAGCATTGCAAATGCCCG	2	3.2417542719556938	2.391731805581228	0.04565537555228283	0.38807069219440393	0.38807069219440393
SLC47A1	3	166;180;7610	GCAACTCCAGTTACGATCTG;AGGCCACCTTACTCACCGCG;CTTGGTCCTGGCTGGCCCCG	2	3.126987824792774	2.248218241139365	0.05940108001963673	0.4039273441335297	0.4039273441335297
AMIGO2	2	185;372	AGTTGTGGAAAAACTGCCCG;GTGCCAGGAAAACAGCTGAG	2	2.9666069739407104	2.229703941104082	0.0844378988708886	0.47848142693503526	0.47848142693503526
IGFBP2	3	168;321;9985	CTACTGGGCGCGAGTGGCGG;AGGCGCCCGCATGCCATGCG;CCACCAGGCCTCCTTCTGAG	2	2.630054758980377	1.9972289907918703	0.15881197839960726	0.7713724665123779	0.5723694976272298
GNB5	2	30;565	GGGCAGATCCTGACAGCGAG;CTCGTTCTCGTGCAGCCCCT	2	2.6035959580656285	2.440221809730761	0.16617574864997542	0.7062469317623954	0.5723694976272298
MAGEA10	2	181;595	GAAGGGAAGCAACGACCGAG;TGAGGGCTCCAGCAGCCAAA	2	2.5586589222474063	2.030398500736462	0.18556701030927836	0.7010309278350514	0.5723694976272298
CXCL10	2	432;612	CAGAATGGCAGTTTGATTCA;CAGCGTACAGTTCTAGAGAG	2	2.5341900094133827	1.8342105042218584	0.19391261659302894	0.6593028964162985	0.5723694976272298
SOGA3	3	81;364;2434	CTTAGCGTGCATCTGAGCCG;GTACGCGCTCAGCAGAGGGG;GCTCCGCTACGCCCAGACCG	2	2.52256323495706	2.0985204497427	0.19833087874324984	0.6130227161154995	0.5723694976272298
C1orf229	2	404;629	CCACGCTGCCCTCGTGCCCG;GTGGTGGCTGTCAGTCCACG	2	2.5103915628139672	1.8363047643730137	0.20201276386843403	0.5723694976272298	0.5723694976272298
LRRC14	2	534;678	GGTCCACGCGCACCTCCACG;TGTTGAAGCGCAGGTCCACG	2	2.4452334659703783	1.745747325515101	0.23073146784486998	0.603451531286583	0.603451531286583
EMILIN3	2	680;709	ATTTGGGTCTGAGTACTGTG;GCTGGGGTGAGGCAGCCCCA	2	2.4064003833383723	1.6768063503568154	0.25135002454590083	0.6104214881829021	0.6104214881829021
CACNG8	2	726;801	GGACTACGACCACGACAGCG;GCTCCTCCAGGGTTGAAAAG	2	2.30042782153603	1.6105470451384405	0.3176239567992145	0.7199476354115529	0.6938775510204082
CYP19A1	2	330;819	CCATCCACAGGAATCTGCCG;AATCTGCCGTGGGAGATGAG	2	2.2811250501836677	1.7641381379614072	0.3306332842415317	0.7025957290132548	0.6938775510204082
CYP11B1	2	193;855	CACCTGTTGCCTGGACGCCG;CAGTGCCTGTGCCCTTTGCA	2	2.2437606242481603	1.8592440426163184	0.3615611192930781	0.7231222385861562	0.6938775510204082
SPTLC3	2	790;910	GGCCCATCTGCAGTGCCCCA;CCACCTCCAGGGTTAGCCAT	2	2.189610069062318	1.5381087323134572	0.4074619538537064	0.7696503572792233	0.6938775510204082
SH2D5	2	708;917	GAGAGCTGATCACGGCCGAA;GCAGTCGGCAGGGCACCAGG	2	2.182954182364463	1.5568932707024634	0.4118802160039273	0.7370488075859752	0.6938775510204082
TNFRSF13B	2	723;920	AGGGTCACTCAGCTGCCGCA;GCTCTGGTGGAAGGTTCACT	2	2.1801171990133947	1.5512294127119697	0.4155621011291114	0.7064555719194894	0.6938775510204082
C10orf32	2	569;933	GAGCTGCCTGACCTAGCAGC;GAAAGGCTCCCGGAGCTCCG	2	2.167929566211505	1.5940156479987873	0.4285714285714286	0.6938775510204082	0.6938775510204082
TMUB1	2	636;1047	GTAGCTGCCATGGCTGCGCT;GCAGCTACCGACAGCATGAG	2	2.0677994903468204	1.5211356766947977	0.5326460481099656	0.823180256169947	0.7568822929647672
BCL2L10	2	576;1074	GTAGTCGGCCAGCAACAGCT;AGCGGTTCCCGGGGTAGCCG	2	2.045684290977432	1.5303793329670423	0.5567010309278351	0.8229493500672344	0.7568822929647672
ZSCAN25	2	806;1077	AGGTCCAGACCCAGGTACCG;GTCCTGACTGAGCTGCTCCT	2	2.043261447108542	1.4609106453307843	0.5606283750613648	0.7942235313369335	0.7568822929647672
PIFO	3	216;641;9510	CTTAGGGGATCACCCCACAG;TGTGGGGTGATCCCCTAAGA;TGGGAGCCAGAACAGCTGTG	2	2.042171380288132	1.6505883743763683	0.5625920471281296	0.7651251840942562	0.7568822929647672
RABL6	2	585;1097	CCAGTGAAGATAGTGATCCG;ACTGTTGTACTGCACCCCCT	2	2.027279598555083	1.5179922708705795	0.5787923416789396	0.7568822929647672	0.7568822929647672
RAP2B	3	215;684;1725	GGAGCCCGTCACGAACTGCA;AGTCCACCTCAATCTCCTTG;GCTCACCGTGCAGTTCGTGA	2	1.9875274937373335	1.6242349669449192	0.6143838978890526	0.7736686121565847	0.7719685812469318
CD80	3	444;729;8249	CTGATAACGTCACTTCAGCC;CGTATGTGCCCTCGTCAGAT;GAGCCAGGATCACAATGGAG	2	1.9340260011637027	1.449061329527627	0.6357388316151202	0.7719685812469318	0.7719685812469318
OR51D1	3	417;818;9665	CCAAAAGGAAGTATGCTGCG;TATCCATGCTCTGTCAGCCG;GGTGGCAAATGGCCACAAAG	2	1.837639404543412	1.4134146756175483	0.6757486499754541	0.7922570379022567	0.7922570379022567
MTUS2	3	167;967;2593	GCTGCAGCTGCAATTCGAGG;CCTGCTCCTGGTGTTGACAC;GGATTGTGATGGCAACTGTG	2	1.698498863659943	1.5327085069742843	0.7582228767795778	0.8593192603501881	0.8213058419243986
C15orf61	3	831;968;9266	CCTCTCGCACTTCAACTGGC;AGAGGCCGAACTGGTCGTTG;GGCCCTGAGGAGGGCCCACG	2	1.697643047895683	1.2104959395628179	0.7592047128129602	0.8326761366335693	0.8213058419243986
IL1RL2	3	161;1005;8049	CTGAGTCCCCCCATTCCATG;GTACCTGCTGTGACAGACAG;ACTTCCCCAGATGTTATGGG	2	1.6666166700149097	1.524479132328294	0.783014236622484	0.8319526264113893	0.8213058419243986
SYTL5	3	487;1041;10602	TCAGTGAGCAAGCCTGACAA;CTGGGCCTAATCTTTGACCG;ACTCTTTGTGAGCTCCTGAG	2	1.6375657007566249	1.282478639543054	0.8038782523318606	0.82823819937222	0.8213058419243986
HMGCL	3	906;1069;8081	CGGGGCACTTACAGCCCGGA;GGGCCAAGATGGCAGCAATG;GCCAAGCCCACCAGTCGCCG	2	1.6156963819011143	1.1538755316910247	0.8213058419243986	0.8213058419243986	0.8213058419243986
